,Video_path,Frame_number,shoulder_distance,elbow_distance,shoulder_angle,arm_to_height_ratio,Person_number
0,/content/Anomaly_Videos/Assault/Assault046_x264.mp4,98,0.33602114331580757,0.46470134675116004,-0.12665222464450898,-11.611540759619487,2
1,/content/Anomaly_Videos/Assault/Assault046_x264.mp4,128,0.5328626992104397,0.7410021387536054,-0.34234652367181584,-4.823735467367573,3
2,/content/Anomaly_Videos/Assault/Assault046_x264.mp4,158,0.8932819757128964,0.9582682651783679,-0.41278005308575594,-3.487000462598097,1
3,/content/Anomaly_Videos/Assault/Assault046_x264.mp4,188,0.5633652260176691,0.2635679978724052,-0.13046896326616234,-8.7911276958109,2
4,/content/Anomaly_Videos/Assault/Assault046_x264.mp4,428,0.39242815255792685,0.14219483549666584,-3.0809534687878983,2.046257560318145,2
5,/content/Anomaly_Videos/Assault/Assault046_x264.mp4,458,0.9260791250645957,0.9482327804550751,-3.054984116214892,-6.424390835018795,3
6,/content/Anomaly_Videos/Assault/Assault017_x264.mp4,970,0.6275154195256638,0.34497299356061967,-1.4648497506812115,-0.9496738194368669,2
7,/content/Anomaly_Videos/Assault/Assault017_x264.mp4,1270,0.4182571531968195,0.4206360759244176,-3.1332430612676907,-35.768203421048824,1
0,/content/Anomaly_Videos/Vandalism/Vandalism015_x264.mp4,918,1.162355098014559,1.5792922196896344,0.20012520750244794,11.28170695329476,1
1,/content/Anomaly_Videos/Vandalism/Vandalism015_x264.mp4,948,1.0261738995840761,1.3410745023189319,0.1571143226386916,9.982313871155712,1
2,/content/Anomaly_Videos/Vandalism/Vandalism015_x264.mp4,978,0.7989994445634314,0.7228733371366937,0.13410452970300643,7.757047283571223,1
3,/content/Anomaly_Videos/Vandalism/Vandalism015_x264.mp4,2298,0.3667855688845654,0.3879607008053788,-3.1352388112235197,-21.962983849496812,1
4,/content/Anomaly_Videos/Vandalism/Vandalism015_x264.mp4,2328,0.25705668802856524,0.3843294580248304,0.026812083492637827,21.093667936185593,1
5,/content/Anomaly_Videos/Vandalism/Vandalism015_x264.mp4,2358,0.19779908681645827,0.23041240830234624,0.05091247982390877,8.128892996449638,1
6,/content/Anomaly_Videos/Vandalism/Vandalism015_x264.mp4,2388,0.07277253807936136,0.15052881939630794,0.42128387693986014,7.064271425460186,1
7,/content/Anomaly_Videos/Vandalism/Vandalism015_x264.mp4,2688,0.32688811296492193,0.5826178114568311,-3.0757890505669963,39.29047842680005,1
8,/content/Anomaly_Videos/Vandalism/Vandalism047_x264.mp4,1387,0.15450954582541662,0.27488577263375635,-0.1593621082811875,125.29390303204246,1
9,/content/Anomaly_Videos/Vandalism/Vandalism047_x264.mp4,1417,0.050888767841858015,0.08834538369526429,-2.9543375043192297,-51.66043654310854,1
10,/content/Anomaly_Videos/Vandalism/Vandalism047_x264.mp4,1447,0.11502222639790621,0.07145388718235049,-0.2346931508976896,-17.4018682126018,1
11,/content/Anomaly_Videos/Vandalism/Vandalism047_x264.mp4,1477,0.24309787923857787,0.34813409677674406,-0.02925876198772131,-147.70929489121286,1
12,/content/Anomaly_Videos/Vandalism/Vandalism047_x264.mp4,1507,0.2787504602001629,0.3746716739315513,-0.01553319521994504,-104.36052666530317,1
13,/content/Anomaly_Videos/Vandalism/Vandalism047_x264.mp4,1567,0.2577260497148768,0.3877753116497329,0.0014594382088915928,-38.88883008760063,1
14,/content/Anomaly_Videos/Vandalism/Vandalism047_x264.mp4,1597,0.2577502209519131,0.42473029959219105,0.0033059508182877663,-40.62108856980009,1
15,/content/Anomaly_Videos/Vandalism/Vandalism047_x264.mp4,2077,0.30133268252844175,0.46029706045311686,-0.023559779375152686,-26.64769912831953,1
16,/content/Anomaly_Videos/Vandalism/Vandalism047_x264.mp4,2167,0.12603677238968675,0.16563758918260058,-0.051551618395403766,-25.721853527793492,1
17,/content/Anomaly_Videos/Vandalism/Vandalism047_x264.mp4,2377,0.24213275020977681,0.3381950105229324,-0.17594105809883878,-17.497889823988668,1
18,/content/Anomaly_Videos/Vandalism/Vandalism047_x264.mp4,2407,0.23795433611509648,0.30836108243224103,-0.3745312869845781,-5.362442451379613,1
19,/content/Anomaly_Videos/Vandalism/Vandalism050_x264.mp4,271,0.4806599595315625,0.542042593389381,0.03658430448002193,-115.29299631697221,2
20,/content/Anomaly_Videos/Vandalism/Vandalism050_x264.mp4,361,0.27704822920615735,0.4599006459540558,-3.1256459928931144,-28.731690833166894,1
21,/content/Anomaly_Videos/Vandalism/Vandalism050_x264.mp4,661,0.07053953981563843,0.14346830644373693,-3.0778945544659804,-15.602304801654002,1
22,/content/Anomaly_Videos/Vandalism/Vandalism029_x264.mp4,84,0.16819658469780743,0.223864399091316,2.940097774939785,12.085806155382759,1
23,/content/Anomaly_Videos/Vandalism/Vandalism029_x264.mp4,114,0.11188380254689155,0.13718693258442427,-0.2794769866851074,-4.2253404985457115,1
24,/content/Anomaly_Videos/Vandalism/Vandalism029_x264.mp4,174,0.3423988127187298,0.49304116619459515,-3.0301532224852705,-69.88609640035332,1
25,/content/Anomaly_Videos/Vandalism/Vandalism029_x264.mp4,204,0.1516215263849653,0.47486301159662825,-0.06453071642261572,-39.59228972814806,1
26,/content/Anomaly_Videos/Vandalism/Vandalism029_x264.mp4,234,0.13488759859966304,0.050202122475451215,-1.144032407180171,-0.947556667565676,1
27,/content/Anomaly_Videos/Vandalism/Vandalism029_x264.mp4,264,0.14156173987644213,0.3420366388125471,-2.6483788425235426,-27.153204955507068,1
28,/content/Anomaly_Videos/Vandalism/Vandalism029_x264.mp4,294,0.18235374289103282,0.24984523867622735,-0.6866806731053117,-7.039633510191757,1
29,/content/Anomaly_Videos/Vandalism/Vandalism029_x264.mp4,324,0.3308672956930681,0.2994939523720827,-0.16800753681439343,-56.470343897325705,1
30,/content/Anomaly_Videos/Vandalism/Vandalism029_x264.mp4,354,0.3026555083913183,0.43350549575393044,0.017197257536805986,-5.400303494077925,1
31,/content/Anomaly_Videos/Vandalism/Vandalism029_x264.mp4,384,0.2606651293572594,0.39881991824682406,-0.1934279652080035,-15.04924038102644,1
32,/content/Anomaly_Videos/Vandalism/Vandalism029_x264.mp4,414,0.28048244410248,0.39463386335621564,-0.20206255708064783,-39.03853563392089,1
33,/content/Anomaly_Videos/Vandalism/Vandalism029_x264.mp4,444,0.28735216357960985,0.37550468536198783,-0.49753721146764435,-4.953163116985003,1
34,/content/Anomaly_Videos/Vandalism/Vandalism008_x264.mp4,41,0.712414714944025,0.8597209722383462,1.2019371879812255,2.2124588479390943,7
35,/content/Anomaly_Videos/Vandalism/Vandalism008_x264.mp4,71,0.6279058193504932,0.505644073048998,0.8160479139272087,1.257502588908549,6
36,/content/Anomaly_Videos/Vandalism/Vandalism008_x264.mp4,101,0.5442278491712199,0.19334150474294723,0.9939918121891215,0.5713072783207622,2
37,/content/Anomaly_Videos/Vandalism/Vandalism008_x264.mp4,131,0.17408280437017865,0.20852309956320444,2.6465310689935317,19.440729755167357,6
38,/content/Anomaly_Videos/Vandalism/Vandalism008_x264.mp4,161,0.22020432476940152,0.32106384720963943,-1.273089224321897,-1.9839099364327342,1
39,/content/Anomaly_Videos/Vandalism/Vandalism008_x264.mp4,251,0.2020782960033507,0.3260654969404802,1.4838025085055389,2.8110409782185064,4
40,/content/Anomaly_Videos/Vandalism/Vandalism008_x264.mp4,281,0.4645193778362635,0.7936567047825529,1.0850000313906665,2.370413102563134,4
41,/content/Anomaly_Videos/Vandalism/Vandalism008_x264.mp4,371,0.10461726501437227,0.1528689856247793,0.07469755726936202,16.759152745899627,4
42,/content/Anomaly_Videos/Vandalism/Vandalism008_x264.mp4,521,0.06729672065268433,0.10546721096666246,3.1254492006463845,-38.924857655534005,1
43,/content/Anomaly_Videos/Vandalism/Vandalism008_x264.mp4,701,0.1455322343748062,0.23546748451532598,-3.0679279542582756,-13.425164306022834,2
44,/content/Anomaly_Videos/Vandalism/Vandalism008_x264.mp4,881,0.16368482751484476,0.31503071702424273,-2.951655954982865,-29.071628710867735,1
45,/content/Anomaly_Videos/Vandalism/Vandalism008_x264.mp4,911,0.010451470128501056,0.03975558263612697,-0.5773969370067326,-6.030850999061011,1
46,/content/Anomaly_Videos/Vandalism/Vandalism008_x264.mp4,971,0.05360845809621529,0.07671764364057519,3.132499806689239,-16.11928112273111,1
47,/content/Anomaly_Videos/Vandalism/Vandalism008_x264.mp4,1001,0.018267186200086064,0.06355931419079373,2.7635662762403963,213.3550106024033,1
48,/content/Anomaly_Videos/Vandalism/Vandalism008_x264.mp4,1781,0.05069358062049938,0.06466554144385081,1.6324923382932635,2.7476105318672346,1
49,/content/Anomaly_Videos/Vandalism/Vandalism008_x264.mp4,2081,0.1521163913684775,0.3553147580180546,-3.0164252405104204,-67.30563112665418,3
50,/content/Anomaly_Videos/Vandalism/Vandalism008_x264.mp4,2141,0.03224594126444622,0.05778554862604985,2.4760574820370573,5.292444841620583,2
51,/content/Anomaly_Videos/Vandalism/Vandalism008_x264.mp4,2231,1.1888310725166948,1.5582094900416947,3.1046595236581545,40.314369321472526,1
52,/content/Anomaly_Videos/Vandalism/Vandalism008_x264.mp4,2321,0.21087585878651843,0.29606833735339017,3.1216383053326133,-75.83920433211996,3
53,/content/Anomaly_Videos/Vandalism/Vandalism008_x264.mp4,2351,0.07587346297910456,0.14300322079824695,-2.8739268471478234,-27.97113255797656,2
54,/content/Anomaly_Videos/Vandalism/Vandalism008_x264.mp4,2861,0.8660646744092787,0.8679316556996242,-3.0827068951281067,-8.274248083455868,2
55,/content/Anomaly_Videos/Vandalism/Vandalism008_x264.mp4,2891,1.4334388140556578,2.055457977175167,-2.8306644183770118,-5.828207464054739,1
56,/content/Anomaly_Videos/Vandalism/Vandalism008_x264.mp4,2921,1.2778230221017073,1.6597128901133726,-2.9448843890340966,-7.621432700001182,1
57,/content/Anomaly_Videos/Vandalism/Vandalism008_x264.mp4,2951,1.5568493004687105,1.9898775754867246,-2.7272012222667055,-4.009629216615624,2
58,/content/Anomaly_Videos/Vandalism/Vandalism008_x264.mp4,2981,0.8588098412389376,0.8081644554190807,-0.06972155341774633,41.38761929673718,3
59,/content/Anomaly_Videos/Vandalism/Vandalism008_x264.mp4,3011,0.7727569310041207,0.8450364262030556,-0.04655638463406496,27.26058640461771,3
60,/content/Anomaly_Videos/Vandalism/Vandalism008_x264.mp4,3041,1.1428063888086863,1.2338198238970912,-0.016768879639090857,231.1590491306822,4
61,/content/Anomaly_Videos/Vandalism/Vandalism008_x264.mp4,3071,0.42330125843535066,0.5921523464994896,0.01326326295474886,-89.0027756367811,2
62,/content/Anomaly_Videos/Vandalism/Vandalism008_x264.mp4,3191,0.06869407961296664,0.05488285665894948,2.892175082778171,6.6413550631284615,1
63,/content/Anomaly_Videos/Vandalism/Vandalism008_x264.mp4,3221,0.21806514745078137,0.41619973347447153,2.948834914327452,21.111769282398683,1
64,/content/Anomaly_Videos/Vandalism/Vandalism008_x264.mp4,3251,0.026853240725440257,0.016925297796236555,-0.1510175373036025,-15.679484103851944,1
65,/content/Anomaly_Videos/Vandalism/Vandalism008_x264.mp4,3281,0.1889275311551929,0.2616251264050657,0.030248773129562766,-26662.66518891475,1
66,/content/Anomaly_Videos/Vandalism/Vandalism008_x264.mp4,3311,0.08294906136477584,0.11287031010177494,-3.0634171483651365,-38.34987211098935,1
67,/content/Anomaly_Videos/Vandalism/Vandalism008_x264.mp4,3341,0.2881114463904666,0.37159601056565467,0.05638381285138776,84.48196400837821,3
68,/content/Anomaly_Videos/Vandalism/Vandalism008_x264.mp4,3371,0.3419072222721596,0.35463704385355915,0.23627737705486085,7.754323048664241,2
69,/content/Anomaly_Videos/Vandalism/Vandalism008_x264.mp4,3401,0.43651981169589593,0.47872278826285725,0.09619850227230775,13.153160738536679,3
70,/content/Anomaly_Videos/Vandalism/Vandalism008_x264.mp4,3431,0.46836939192701915,0.9141575127071258,0.04696739030547181,33.852516584579746,2
71,/content/Anomaly_Videos/Vandalism/Vandalism008_x264.mp4,3461,0.1756856243956129,0.05368681028059562,3.0104896912464505,4.419430112795245,2
72,/content/Anomaly_Videos/Vandalism/Vandalism008_x264.mp4,3491,0.11442066256020533,0.1305873217887573,3.0054179471202622,5.108069106921501,2
73,/content/Anomaly_Videos/Vandalism/Vandalism008_x264.mp4,3521,0.2408111141589576,0.2560784868307114,3.128409436729819,17.163578890960956,1
74,/content/Anomaly_Videos/Vandalism/Vandalism008_x264.mp4,3551,0.15661512359967072,0.19623123372772822,3.064478022921404,34.397084944380865,1
75,/content/Anomaly_Videos/Vandalism/Vandalism008_x264.mp4,3581,0.4577597628664614,0.5679571492974521,-3.053071354361997,-56.580605501499925,1
76,/content/Anomaly_Videos/Vandalism/Vandalism008_x264.mp4,3611,0.07138357615722649,0.12636489562552575,0.19147163950836046,-22.949243870176453,1
77,/content/Anomaly_Videos/Vandalism/Vandalism008_x264.mp4,3641,0.09158322446859346,0.14642908344796418,-0.05444252481898349,-8.61636577856992,1
78,/content/Anomaly_Videos/Vandalism/Vandalism008_x264.mp4,3671,0.21777595057734564,0.29341213905826063,0.00888336656217821,-30.106225553348594,1
79,/content/Anomaly_Videos/Vandalism/Vandalism008_x264.mp4,3701,0.07722891344856139,0.049554741554764976,-0.06291687395993317,-22.36544273769854,1
80,/content/Anomaly_Videos/Vandalism/Vandalism008_x264.mp4,3731,0.1917225644137215,0.2619533187731259,-0.16543392241502625,-74.68133854971431,2
81,/content/Anomaly_Videos/Vandalism/Vandalism008_x264.mp4,3761,0.39159680007628855,0.41589425638150757,-3.0817646956922498,-19.351169028556974,2
82,/content/Anomaly_Videos/Vandalism/Vandalism008_x264.mp4,3791,0.39230271534687633,0.35130386183348933,-3.059174583616139,-24.913245039097657,2
83,/content/Anomaly_Videos/Vandalism/Vandalism008_x264.mp4,3821,0.29802432323838657,0.326198481808379,0.010487053539244605,36.49684820387626,2
84,/content/Anomaly_Videos/Vandalism/Vandalism008_x264.mp4,3851,0.054523691043248584,0.026878906994441912,3.0956973558533782,-2.6945424090253396,2
85,/content/Anomaly_Videos/Vandalism/Vandalism008_x264.mp4,3881,0.12924649866014762,0.12395521776234418,-3.1185744190480005,-7.399452279927433,2
86,/content/Anomaly_Videos/Vandalism/Vandalism008_x264.mp4,3911,0.15430744887877457,0.1566446363069697,3.0656975204762937,-10.339776128431652,2
87,/content/Anomaly_Videos/Vandalism/Vandalism008_x264.mp4,3941,0.27828233059611956,0.3527792938451161,0.056663840965560194,32.068738134264095,2
88,/content/Anomaly_Videos/Vandalism/Vandalism008_x264.mp4,3971,0.5062501742715506,0.5702215882381398,0.03855679023496642,14.111367078058443,2
89,/content/Anomaly_Videos/Vandalism/Vandalism008_x264.mp4,4001,0.20841001251227395,0.3770225455410688,-2.984251637288047,-53.158100405173016,2
90,/content/Anomaly_Videos/Vandalism/Vandalism008_x264.mp4,4031,0.262078443820378,0.313133737158958,0.03670552556439858,34.34453858858605,2
91,/content/Anomaly_Videos/Vandalism/Vandalism008_x264.mp4,4061,0.33097820062469546,0.3694894226149662,-2.9734559557702562,-18.684473579605854,2
92,/content/Anomaly_Videos/Vandalism/Vandalism008_x264.mp4,4091,0.1397855856192272,0.3154450461034876,0.07260676270067123,-32.21682265651375,2
93,/content/Anomaly_Videos/Vandalism/Vandalism008_x264.mp4,4121,0.09883618459858463,0.4169914769279852,0.01050633961309682,-21.53907469629229,1
94,/content/Anomaly_Videos/Vandalism/Vandalism008_x264.mp4,4151,0.06662732293772296,0.21371862201775949,-0.4779240137074672,-6.807172973359305,1
95,/content/Anomaly_Videos/Vandalism/Vandalism008_x264.mp4,4181,0.27682516811973285,0.1923713448437774,3.076349820098445,20.792179099655918,2
96,/content/Anomaly_Videos/Vandalism/Vandalism008_x264.mp4,4211,0.46252149763453404,0.4308033991983286,-3.1051947413263106,-35.26059587511202,2
97,/content/Anomaly_Videos/Vandalism/Vandalism008_x264.mp4,4241,0.03095952371406351,0.10047110120204127,1.3289232886997158,22.059550029438977,3
98,/content/Anomaly_Videos/Vandalism/Vandalism008_x264.mp4,4271,0.19031055276702918,0.26260749893826174,0.07734177973205565,-71.28816939156656,2
99,/content/Anomaly_Videos/Vandalism/Vandalism008_x264.mp4,4301,0.03861967359733636,0.018254176141383575,0.05127641253882975,9.877257821906689,3
100,/content/Anomaly_Videos/Vandalism/Vandalism008_x264.mp4,4331,0.28226653371008753,0.3603117567764503,-0.002803158362592718,53.62109859120396,3
101,/content/Anomaly_Videos/Vandalism/Vandalism008_x264.mp4,4361,0.3351083075629526,0.5214186845867356,-0.11203892570494704,-73.84981679060185,3
102,/content/Anomaly_Videos/Vandalism/Vandalism008_x264.mp4,4391,0.05103255617639371,0.47844695365298257,-0.8137854613005423,-52.10143696477511,2
103,/content/Anomaly_Videos/Vandalism/Vandalism008_x264.mp4,4421,0.2333757069057222,0.3414122954589001,0.04419786552992578,69.57176567862588,1
104,/content/Anomaly_Videos/Vandalism/Vandalism008_x264.mp4,4481,0.6577304529901842,0.7658745862511064,0.005321670547345246,-212.80628291562508,4
105,/content/Anomaly_Videos/Vandalism/Vandalism008_x264.mp4,4511,0.46555771341692803,0.6649174137364476,0.0255024199754412,35.840384613266814,3
106,/content/Anomaly_Videos/Vandalism/Vandalism008_x264.mp4,4541,0.32686210460146375,0.339292261885363,0.019364389073813895,156.02613687774752,4
107,/content/Anomaly_Videos/Vandalism/Vandalism008_x264.mp4,4571,0.39505423639811943,0.5362832486604991,0.04366073449948914,14.061979933809297,1
108,/content/Anomaly_Videos/Vandalism/Vandalism008_x264.mp4,4601,0.3518481869046504,0.3253191726586029,-0.0022939075225551606,21.324615460427882,3
109,/content/Anomaly_Videos/Vandalism/Vandalism008_x264.mp4,4631,0.2695167905852266,0.31509808253885396,0.1397948929669161,6.978163941877788,2
110,/content/Anomaly_Videos/Vandalism/Vandalism008_x264.mp4,4661,0.2808089669706745,0.3818946627729762,-0.14592328178440728,-80.32204952599264,5
111,/content/Anomaly_Videos/Vandalism/Vandalism008_x264.mp4,4691,0.46184055851297373,0.5704205973448719,-0.028195850797221228,-37.93018270366098,4
112,/content/Anomaly_Videos/Vandalism/Vandalism008_x264.mp4,4721,0.35240409104968806,0.5898480864652333,0.05286121890066143,-282.68656993783804,5
113,/content/Anomaly_Videos/Vandalism/Vandalism008_x264.mp4,4751,0.3002842905085661,0.2619144421945322,-0.046754441023238634,11.658658889842455,3
114,/content/Anomaly_Videos/Vandalism/Vandalism008_x264.mp4,4781,1.918968794135104,2.3708558555345443,-3.124973507922339,-21.432014100283762,7
115,/content/Anomaly_Videos/Vandalism/Vandalism008_x264.mp4,4811,0.11188109936624566,0.09166916262390438,-3.1024283214612693,72.84304130725353,6
116,/content/Anomaly_Videos/Vandalism/Vandalism008_x264.mp4,4841,0.09620511233433443,0.4714117283311006,-0.13600764004458327,23.120726836506226,8
117,/content/Anomaly_Videos/Vandalism/Vandalism008_x264.mp4,4871,0.2792381984114681,0.2190108710840158,3.0015634673526255,8.193813352045865,4
118,/content/Anomaly_Videos/Vandalism/Vandalism008_x264.mp4,4901,0.31949206716898726,0.37353650346068784,-3.098830090603343,-16.3215039936992,3
119,/content/Anomaly_Videos/Vandalism/Vandalism008_x264.mp4,4931,0.22303141631264886,0.37554505719420206,2.9378730945751967,14.404895693985688,4
120,/content/Anomaly_Videos/Vandalism/Vandalism008_x264.mp4,4961,0.4456153360567855,0.6235156588073316,3.01976758594182,-59.28644960607157,4
121,/content/Anomaly_Videos/Vandalism/Vandalism008_x264.mp4,4991,0.29562708565064677,0.10195943436673598,-3.093941093527402,-5.237200737265335,3
122,/content/Anomaly_Videos/Vandalism/Vandalism008_x264.mp4,5021,0.12730294460130967,0.17462488620260347,0.0560080046192637,46.348253228021996,3
123,/content/Anomaly_Videos/Vandalism/Vandalism008_x264.mp4,5051,0.14392024718207858,0.2306558406099002,-3.0877696573373545,-22.153408067448193,1
124,/content/Anomaly_Videos/Vandalism/Vandalism008_x264.mp4,5081,0.1336968448614251,0.321916812621327,-0.01776260112734083,160.39640946125948,4
125,/content/Anomaly_Videos/Vandalism/Vandalism008_x264.mp4,5111,0.16894935333596794,0.3065497718832294,0.009913904519218256,38.34378392332563,1
126,/content/Anomaly_Videos/Vandalism/Vandalism008_x264.mp4,5171,0.6021172542773757,0.8088525918842605,3.109523033859915,-1492.2250545636778,6
127,/content/Anomaly_Videos/Vandalism/Vandalism008_x264.mp4,5201,0.06979702775978117,0.00946896498750735,2.385597707386027,-0.21921690074611622,3
128,/content/Anomaly_Videos/Vandalism/Vandalism008_x264.mp4,5231,0.3422447710073154,0.5035075113414713,0.020452967181401615,41.8373067247034,5
129,/content/Anomaly_Videos/Vandalism/Vandalism008_x264.mp4,5261,0.21639300743097928,0.20262537496209748,0.08627698559467849,184.8653914198761,6
130,/content/Anomaly_Videos/Vandalism/Vandalism008_x264.mp4,5291,0.07522850548419353,0.1999334043089708,-3.0528646035000557,-139.60652223360944,4
131,/content/Anomaly_Videos/Vandalism/Vandalism008_x264.mp4,5381,0.1615765984524296,0.20471984822510428,-0.02514582237481484,531.2240527661884,1
132,/content/Anomaly_Videos/Vandalism/Vandalism008_x264.mp4,5501,2.131046674654915,1.8797801039135515,-0.10877445881082025,-41.77304169672531,5
133,/content/Anomaly_Videos/Vandalism/Vandalism008_x264.mp4,5531,1.4497638940992057,1.0265863170535086,-0.18236470870076535,-7.16537159016641,1
134,/content/Anomaly_Videos/Vandalism/Vandalism008_x264.mp4,5621,0.3132091135163685,0.7086904087383149,0.2129954581052911,-26.843273214484704,5
135,/content/Anomaly_Videos/Vandalism/Vandalism008_x264.mp4,5651,1.6272940994075968,2.02460591670323,-0.24084379179568205,-16.465489370202516,5
136,/content/Anomaly_Videos/Vandalism/Vandalism008_x264.mp4,5831,0.33243143360154725,0.5344387939940138,-0.0331161797671445,-67.70233040707251,1
137,/content/Anomaly_Videos/Vandalism/Vandalism008_x264.mp4,5861,0.3776411061384323,0.5199722050518537,-0.043883677673785385,-32.28113423999778,4
138,/content/Anomaly_Videos/Vandalism/Vandalism008_x264.mp4,5891,0.1720251111567822,0.31501691856121705,-0.05417165853784453,-69.98843772487152,3
139,/content/Anomaly_Videos/Vandalism/Vandalism008_x264.mp4,5921,0.1306209680444807,0.3084224208192466,-0.014859730482180858,-54.82649289913431,5
140,/content/Anomaly_Videos/Vandalism/Vandalism008_x264.mp4,5951,0.3081015553883025,0.3596460234366969,-0.023803455937111515,-495.51277151503047,3
141,/content/Anomaly_Videos/Vandalism/Vandalism008_x264.mp4,5981,0.12988914633180437,0.34551018068602257,0.2982536045623951,21.44620063642114,3
142,/content/Anomaly_Videos/Vandalism/Vandalism008_x264.mp4,6011,0.37606961296441754,0.3992533274577524,3.1245838801573638,-223.8045845562887,3
143,/content/Anomaly_Videos/Vandalism/Vandalism008_x264.mp4,6071,0.2207932465832174,0.35077389841623086,-3.1087963333788644,-172.30301451884534,3
144,/content/Anomaly_Videos/Vandalism/Vandalism008_x264.mp4,6101,0.1571818775149694,0.22242834322612356,-3.118463825735099,90.85710289918588,3
145,/content/Anomaly_Videos/Vandalism/Vandalism008_x264.mp4,6161,0.23834279839878122,0.07421855827329094,-0.14178801943709404,-0.7897485750815568,4
146,/content/Anomaly_Videos/Vandalism/Vandalism008_x264.mp4,6191,3.0632622403316434,3.411114286487994,-0.09696972982671509,-18.72662033580069,5
147,/content/Anomaly_Videos/Vandalism/Vandalism008_x264.mp4,6281,0.3081755313189196,0.4288845770838333,-3.0348235497905733,-64.85227115152608,5
148,/content/Anomaly_Videos/Vandalism/Vandalism008_x264.mp4,6311,0.3275910694571368,0.3438933235500917,3.070549409642944,-13.24679246922094,4
149,/content/Anomaly_Videos/Vandalism/Vandalism008_x264.mp4,6341,0.1693191683454844,0.4189653415547113,3.0914485082994605,-891.1095374971054,2
150,/content/Anomaly_Videos/Vandalism/Vandalism008_x264.mp4,6371,1.1216324475206372,1.212683030595736,-2.975067316897712,-20.378050023877474,2
151,/content/Anomaly_Videos/Vandalism/Vandalism008_x264.mp4,6641,0.23653033450077623,0.07126059616332729,0.9853862998064422,1.5629306382178476,1
152,/content/Anomaly_Videos/Vandalism/Vandalism008_x264.mp4,6821,1.1659642743918304,1.1838126523395567,1.4175718800206825,1.0262139583654373,1
153,/content/Anomaly_Videos/Vandalism/Vandalism008_x264.mp4,6881,0.30424052251095546,0.2279077433088898,0.6603901918960082,1.0559754225014164,2
154,/content/Anomaly_Videos/Vandalism/Vandalism008_x264.mp4,6911,0.31113855774530164,0.36537313583015585,0.7669685913935154,4.86152576407733,1
155,/content/Anomaly_Videos/Vandalism/Vandalism008_x264.mp4,6941,0.3581033859373898,0.4037219537774448,-0.4098001888028658,-11.234024550886849,2
156,/content/Anomaly_Videos/Vandalism/Vandalism008_x264.mp4,7361,0.18842894972980884,0.06328950460660791,0.7798832042253362,-4.546987818355683,3
157,/content/Anomaly_Videos/Vandalism/Vandalism008_x264.mp4,7541,0.16645262854780454,0.26272901794244863,-0.05343017552212827,119.0750721547467,1
158,/content/Anomaly_Videos/Vandalism/Vandalism008_x264.mp4,7901,0.403559935087539,0.08501291001795491,3.119148781038251,-25.216222095396088,1
159,/content/Anomaly_Videos/Vandalism/Vandalism008_x264.mp4,8591,0.5529531003864234,0.3915708754749064,3.1109517070588044,57.53607599537228,1
160,/content/Anomaly_Videos/Vandalism/Vandalism008_x264.mp4,8621,0.4920144100577678,0.5852809615253735,3.1159557530010398,56.46537462233616,1
161,/content/Anomaly_Videos/Vandalism/Vandalism008_x264.mp4,8651,0.35212441877491496,0.38227516958802504,-3.0965835156675108,-17.483706509903627,1
162,/content/Anomaly_Videos/Vandalism/Vandalism008_x264.mp4,8681,0.2561445667500117,0.29260976530703564,-3.100847379345564,-19.149843328283495,1
163,/content/Anomaly_Videos/Vandalism/Vandalism008_x264.mp4,8711,0.18218741182493853,0.14981170990257675,-3.0505082705051043,-5.447857240256782,1
164,/content/Anomaly_Videos/Vandalism/Vandalism008_x264.mp4,8741,0.04166198832389063,0.031112858231094234,-3.1194608530023116,-4.025380129559093,1
165,/content/Anomaly_Videos/Vandalism/Vandalism008_x264.mp4,8771,0.03163267924657164,0.028784396412448555,3.053053680123965,2.8994226398088023,1
166,/content/Anomaly_Videos/Vandalism/Vandalism008_x264.mp4,8801,0.2572042026970735,0.4217455414390521,-3.1411285351758726,-23.146477170756043,1
167,/content/Anomaly_Videos/Vandalism/Vandalism008_x264.mp4,8831,0.4460937976067453,0.6046241769338203,3.13898228897287,214.30947574083453,1
168,/content/Anomaly_Videos/Vandalism/Vandalism008_x264.mp4,8861,0.184740078948556,0.18887793902067956,-3.1192192124204023,-59.73206877504231,1
169,/content/Anomaly_Videos/Vandalism/Vandalism008_x264.mp4,8891,0.2966443442966566,0.24061424102775206,-3.123448011832276,91.62967800977525,1
170,/content/Anomaly_Videos/Vandalism/Vandalism008_x264.mp4,8921,0.21410827139047234,0.4098384329069878,-0.11499236314731102,-41.430857147913635,2
171,/content/Anomaly_Videos/Vandalism/Vandalism008_x264.mp4,8951,0.722777454724456,0.7959595972632832,1.7974477557029478,1.2745597611986688,2
172,/content/Anomaly_Videos/Vandalism/Vandalism008_x264.mp4,8981,1.8421827195503377,2.7528298733833747,0.4465607849888023,3.924631521329195,2
173,/content/Anomaly_Videos/Vandalism/Vandalism008_x264.mp4,9101,0.45043684909939363,0.312767957475083,1.4132878485623073,1.4484549209819866,2
174,/content/Anomaly_Videos/Vandalism/Vandalism008_x264.mp4,9131,4.140979232536109,4.837837867334712,1.570013531434068,2.0185008413607366,1
175,/content/Anomaly_Videos/Vandalism/Vandalism008_x264.mp4,9161,0.5909528220748173,0.6178885427129833,1.1364870696324703,1.284269281108104,2
176,/content/Anomaly_Videos/Vandalism/Vandalism008_x264.mp4,9371,0.6863865610245481,0.48459167305670037,3.1264422635099205,7.180315727502519,2
177,/content/Anomaly_Videos/Vandalism/Vandalism008_x264.mp4,9401,1.4029336705781148,1.5024454195403387,-3.0940706905605495,412.6182899302485,3
178,/content/Anomaly_Videos/Vandalism/Vandalism008_x264.mp4,9431,1.0785054730140495,0.9940881756414585,-3.051852521967036,65.87212682189791,2
179,/content/Anomaly_Videos/Vandalism/Vandalism008_x264.mp4,9641,0.17179283094253295,0.290182592981747,-0.06711516404497693,284.5220058380488,2
180,/content/Anomaly_Videos/Vandalism/Vandalism008_x264.mp4,9911,0.1944493592818799,0.25936696871364673,-3.0754248494495133,53.55176363112216,1
181,/content/Anomaly_Videos/Vandalism/Vandalism008_x264.mp4,9941,0.12836722626616148,0.23455480358268277,3.036375263042728,198.5657787639642,2
182,/content/Anomaly_Videos/Vandalism/Vandalism008_x264.mp4,9971,0.20517988882335034,0.24741474380014186,-3.061617463745177,33.41488438884306,1
183,/content/Anomaly_Videos/Vandalism/Vandalism008_x264.mp4,10001,0.24513179241443883,0.3058269470700244,-3.132093963786097,-191.9537878643609,1
184,/content/Anomaly_Videos/Vandalism/Vandalism008_x264.mp4,10031,0.15551727444447683,0.2282934669763145,3.124742287509951,106.41907162486442,1
185,/content/Anomaly_Videos/Vandalism/Vandalism008_x264.mp4,10061,0.2105196515126798,0.29999621753791655,3.0539741320469336,1375.9161675277787,1
186,/content/Anomaly_Videos/Vandalism/Vandalism008_x264.mp4,10121,0.24538173563165483,0.44297901530896644,0.03828596152255702,121.7275628673934,1
187,/content/Anomaly_Videos/Vandalism/Vandalism008_x264.mp4,10151,0.2930164322761733,0.4231656534313294,0.019814101696196695,79.8194566462258,1
188,/content/Anomaly_Videos/Vandalism/Vandalism008_x264.mp4,10181,0.29042896929149303,0.3875002450390705,-3.046062923972124,-52.012939368464366,1
189,/content/Anomaly_Videos/Vandalism/Vandalism008_x264.mp4,10211,0.03153395013488395,0.21395575799577463,-2.706925530491597,-36.694662465257025,1
190,/content/Anomaly_Videos/Vandalism/Vandalism008_x264.mp4,10241,0.24442674531157807,0.14493832836430182,-0.041673075135243896,34.38338341176463,1
191,/content/Anomaly_Videos/Vandalism/Vandalism008_x264.mp4,10271,0.02976091649331235,0.04073500553970896,-1.2816677008033166,-11.310219060006517,2
192,/content/Anomaly_Videos/Vandalism/Vandalism008_x264.mp4,10301,0.21711979530751516,0.28726753269895994,0.0545288632101278,72.69853602651051,3
193,/content/Anomaly_Videos/Vandalism/Vandalism008_x264.mp4,10331,0.056291746061393824,0.05943479014639584,-2.8195063398836755,8.702466015323061,1
194,/content/Anomaly_Videos/Vandalism/Vandalism008_x264.mp4,10361,0.3277838168614242,0.41953670499166634,0.01982486741333355,144.71222516033356,3
195,/content/Anomaly_Videos/Vandalism/Vandalism008_x264.mp4,10391,0.3937647616614282,0.4004049500424035,0.03250618071032993,34.1534708468136,3
196,/content/Anomaly_Videos/Vandalism/Vandalism008_x264.mp4,10421,0.23034440935729467,0.2856505464103439,0.05322877618546742,173.43735225985682,2
197,/content/Anomaly_Videos/Vandalism/Vandalism008_x264.mp4,10481,0.2801448845063414,0.32971085691610175,0.031966850981380586,41.6948150405823,4
198,/content/Anomaly_Videos/Vandalism/Vandalism008_x264.mp4,10511,0.24756910292910478,0.44745508495867237,0.023658043961630716,-38.47618823657544,2
199,/content/Anomaly_Videos/Vandalism/Vandalism008_x264.mp4,10541,0.1682885623567058,0.2750326712192142,0.09295424780664262,23.632083849846303,4
200,/content/Anomaly_Videos/Vandalism/Vandalism008_x264.mp4,10571,0.259676757006269,0.36543768558224676,0.029771055302572444,-317.2424187909262,3
201,/content/Anomaly_Videos/Vandalism/Vandalism008_x264.mp4,10631,0.359807570829858,0.3546415520015326,-3.1137906669966737,-15.896523665867893,3
202,/content/Anomaly_Videos/Vandalism/Vandalism008_x264.mp4,10661,0.16978402835183,0.019485050626015635,3.1394866337727327,-6.207723042167819,2
203,/content/Anomaly_Videos/Vandalism/Vandalism008_x264.mp4,10691,0.18848154226815952,0.29416629059250105,0.10473702418317805,19.50889271212606,4
204,/content/Anomaly_Videos/Vandalism/Vandalism008_x264.mp4,10721,0.036560344812051684,0.0470590497755401,-3.1066325312364236,-2.0511910452341544,4
205,/content/Anomaly_Videos/Vandalism/Vandalism008_x264.mp4,10751,0.4195203145862248,0.6648959881724084,0.0356870057039154,-89.50792052365811,1
206,/content/Anomaly_Videos/Vandalism/Vandalism008_x264.mp4,10841,0.45817776898961776,0.6674010823602644,0.003340799207330854,29.937094923271747,4
207,/content/Anomaly_Videos/Vandalism/Vandalism008_x264.mp4,10901,0.34040268647286637,0.5278775387841008,-0.04895065155283692,-26.162949813974453,2
208,/content/Anomaly_Videos/Vandalism/Vandalism008_x264.mp4,10931,0.2988231349567616,0.3259071501241538,-2.9477334087968514,-10.204230856298647,1
209,/content/Anomaly_Videos/Vandalism/Vandalism008_x264.mp4,11111,0.0967996543681606,0.22083291133240984,-3.0825518587310894,121.11873202676368,1
210,/content/Anomaly_Videos/Vandalism/Vandalism008_x264.mp4,11171,0.19369776111599307,0.05163060858025403,-1.9846472644971533,-0.6943440999302425,2
211,/content/Anomaly_Videos/Vandalism/Vandalism008_x264.mp4,11201,1.07923259705368,0.8682377267863344,-1.0592289305224185,-1.5405492254443858,1
212,/content/Anomaly_Videos/Vandalism/Vandalism008_x264.mp4,11231,0.18982505287628862,0.03850449777956342,-0.47540249819518426,-0.942839972932785,1
213,/content/Anomaly_Videos/Vandalism/Vandalism008_x264.mp4,11321,0.05856175394636954,0.29348913881334365,2.2304391527549607,3.2998475796270412,1
214,/content/Anomaly_Videos/Vandalism/Vandalism008_x264.mp4,11381,0.39614138752093975,0.5336610519184064,-0.08671230214830028,-164.64108307722032,3
215,/content/Anomaly_Videos/Vandalism/Vandalism008_x264.mp4,11411,0.5168759984360956,0.7097317508543267,-0.011367455652573244,-227.67347774648613,2
216,/content/Anomaly_Videos/Vandalism/Vandalism008_x264.mp4,11441,0.4539234345663606,0.5554072575839929,-0.011291841634606059,-47.83832188543413,3
217,/content/Anomaly_Videos/Vandalism/Vandalism008_x264.mp4,11471,0.41920786010413325,0.5840929526321217,0.018390580279895423,65.0076861306122,3
218,/content/Anomaly_Videos/Vandalism/Vandalism008_x264.mp4,11501,0.22826759368969332,0.3155392616534729,0.03709586294080067,34.84781092750393,1
219,/content/Anomaly_Videos/Vandalism/Vandalism008_x264.mp4,11531,0.11164404885372757,0.12352939950815339,-0.11469834251096382,-7.198696121344244,2
220,/content/Anomaly_Videos/Vandalism/Vandalism008_x264.mp4,11561,0.012232253977908416,0.043214355737655294,-3.1168792339465226,-4.944699611331507,1
221,/content/Anomaly_Videos/Vandalism/Vandalism008_x264.mp4,11591,0.06249400492201805,0.09747462656335244,-0.06282414451062203,-16.62273381790804,1
222,/content/Anomaly_Videos/Vandalism/Vandalism008_x264.mp4,11621,0.03245275067951465,0.07536238630909328,-2.0312929154400865,-1.7973794014281004,1
223,/content/Anomaly_Videos/Vandalism/Vandalism008_x264.mp4,11651,0.2775023648991527,0.3648616642037155,-0.005848219409400587,-54.095237236677626,1
224,/content/Anomaly_Videos/Vandalism/Vandalism008_x264.mp4,11681,0.1246066921265969,0.03727317798106854,-3.0273147046838753,9.68918744956354,2
225,/content/Anomaly_Videos/Vandalism/Vandalism008_x264.mp4,11741,0.2923032287719046,0.4386360332523808,0.019950306595118674,22.609201100056147,2
226,/content/Anomaly_Videos/Vandalism/Vandalism008_x264.mp4,11771,0.18140866046680346,0.07550371482915637,3.13824727458545,-1.3835564995242409,1
227,/content/Anomaly_Videos/Vandalism/Vandalism008_x264.mp4,11801,0.12297610897043461,0.3579549779229208,-0.2340006671455216,-21.31370472674386,1
228,/content/Anomaly_Videos/Vandalism/Vandalism008_x264.mp4,11831,0.005974780888258485,0.03638051336530131,-2.8227191899277346,-38.05022946951855,2
229,/content/Anomaly_Videos/Vandalism/Vandalism008_x264.mp4,11861,0.0962174875274348,0.1024394166325629,0.09056494943658376,11.248065838270234,3
230,/content/Anomaly_Videos/Vandalism/Vandalism008_x264.mp4,11891,0.20985321271886265,0.04324381734333099,-3.1221902580945056,6.921558727269009,1
231,/content/Anomaly_Videos/Vandalism/Vandalism008_x264.mp4,12101,0.17243993250920822,0.2155929695144292,3.0244653664760044,23.99417446201247,3
232,/content/Anomaly_Videos/Vandalism/Vandalism008_x264.mp4,12131,1.5422916851170378,1.576165972064261,-3.114517259310291,-14.141427211281231,6
233,/content/Anomaly_Videos/Vandalism/Vandalism008_x264.mp4,12221,0.9961470534726996,0.8013668688312985,3.1198635907862355,11.29150532096156,5
234,/content/Anomaly_Videos/Vandalism/Vandalism008_x264.mp4,12251,1.1456274785403713,1.3931092087704167,3.112641977308899,-93.72240800036239,1
235,/content/Anomaly_Videos/Vandalism/Vandalism008_x264.mp4,12281,2.4782580143276234,3.102318891729011,3.1329753173155677,-31.881150814431603,2
236,/content/Anomaly_Videos/Vandalism/Vandalism008_x264.mp4,12311,2.0527230235003318,4.5484662929713275,-3.122605641356677,-271.62984261860083,1
237,/content/Anomaly_Videos/Vandalism/Vandalism008_x264.mp4,12371,1.4079746499123178,1.8129113439032993,3.0470762434221434,43.35412295066713,1
238,/content/Anomaly_Videos/Vandalism/Vandalism008_x264.mp4,12401,1.7644563655922874,2.0675318589040996,3.1328509645946525,-14.507498362072607,5
239,/content/Anomaly_Videos/Vandalism/Vandalism008_x264.mp4,12581,0.4743787550509646,0.30659815761204906,3.112461144149224,10.685638850431138,3
0,/content/Anomaly_Videos/Robbery/Robbery012_x264.mp4,481,0.41010046763496977,0.4618041955521944,-0.037712430675109,-7.769434382675539,2
1,/content/Anomaly_Videos/Robbery/Robbery012_x264.mp4,511,0.43599167856283594,0.3810609545174375,-0.05686427562079512,-7.405555425297669,2
2,/content/Anomaly_Videos/Robbery/Robbery012_x264.mp4,541,0.546570005344809,0.7800166283556599,0.12711492255681725,16.68176047511043,2
3,/content/Anomaly_Videos/Robbery/Robbery012_x264.mp4,601,0.398733121738817,0.48390305923315924,0.038600723162081074,114.28777166247406,2
4,/content/Anomaly_Videos/Robbery/Robbery012_x264.mp4,631,0.13971532713852125,0.46168042807854304,0.07844104721727387,-51.43850038415071,2
5,/content/Anomaly_Videos/Robbery/Robbery088_x264.mp4,1062,0.08058893476096457,0.15036172105341147,1.3308220096446697,2.7147450764843244,1
6,/content/Anomaly_Videos/Robbery/Robbery088_x264.mp4,1092,0.4062348185199314,0.5284165556795793,2.0747977441141825,2.9864348220085546,1
7,/content/Anomaly_Videos/Robbery/Robbery088_x264.mp4,1122,0.33121322647541207,0.47375675257126554,2.0966133322990825,3.187724213316547,1
8,/content/Anomaly_Videos/Robbery/Robbery088_x264.mp4,1152,0.4413426362050118,0.6751057956164969,2.168734009661466,3.6152344460850068,1
9,/content/Anomaly_Videos/Robbery/Robbery088_x264.mp4,1452,0.4785031353501672,0.6499193617124012,1.7030260578678862,2.3597784047692913,1
10,/content/Anomaly_Videos/Robbery/Robbery088_x264.mp4,1482,0.22486433997273342,0.04632929845387401,-3.061104144699692,-1.2371933939386532,2
11,/content/Anomaly_Videos/Robbery/Robbery088_x264.mp4,1512,0.1379285569112299,0.14019289602660995,-1.221752629616368,-2.1056760799245633,1
12,/content/Anomaly_Videos/Robbery/Robbery088_x264.mp4,1722,1.3245682750209624,1.5530970814443492,-1.6114657543433974,-1.556100352631787,2
13,/content/Anomaly_Videos/Robbery/Robbery088_x264.mp4,1932,0.49113757191614504,0.744018228695631,-1.69774222992761,-2.6478606341026305,1
14,/content/Anomaly_Videos/Robbery/Robbery088_x264.mp4,1962,0.5092810085048806,0.6324753382979124,-1.5416226264954611,-1.7660227445810672,2
15,/content/Anomaly_Videos/Robbery/Robbery088_x264.mp4,1992,0.7337689065021915,0.7947094818855386,-1.5424445589377516,-1.6498595210656215,1
16,/content/Anomaly_Videos/Robbery/Robbery088_x264.mp4,2022,0.8955374157782131,0.8993427377167851,-1.5231588855065876,-1.6407659608922858,1
17,/content/Anomaly_Videos/Robbery/Robbery088_x264.mp4,2052,1.140929003406679,0.9724551052940967,-1.6151037474065275,-1.4600233850187705,1
18,/content/Anomaly_Videos/Robbery/Robbery088_x264.mp4,2082,1.4537130969051526,1.536092043114167,-1.5827290760044188,-2.2727976493259034,2
19,/content/Anomaly_Videos/Robbery/Robbery088_x264.mp4,2112,0.37289339957131973,0.5720739837513215,-2.03500322864932,-2.509643097841008,1
20,/content/Anomaly_Videos/Robbery/Robbery088_x264.mp4,2142,0.822223539334943,1.1822142002870768,-1.6913942023656334,-2.1738539491229734,2
21,/content/Anomaly_Videos/Robbery/Robbery088_x264.mp4,2172,0.35463276970235846,0.3818485942778171,-1.8194657401732668,-1.7638158265431536,1
22,/content/Anomaly_Videos/Robbery/Robbery088_x264.mp4,2202,1.157299380331489,1.2387088870821328,-1.5787015353862521,-1.8428475396018635,2
23,/content/Anomaly_Videos/Robbery/Robbery088_x264.mp4,2262,0.44409362757750587,0.4131805064070363,-2.5230856688848244,-2.7302139198709696,1
24,/content/Anomaly_Videos/Robbery/Robbery088_x264.mp4,2292,3.6360555966067176,4.135445101157828,-1.6443212948123795,-3.1597739959162654,1
25,/content/Anomaly_Videos/Robbery/Robbery088_x264.mp4,2352,4.393212705367497,5.22025222493138,-1.6385304706726103,-2.245175332624901,2
26,/content/Anomaly_Videos/Robbery/Robbery088_x264.mp4,2382,3.3535078958179403,4.036392793748518,-1.8816414646411947,-2.0355318632402817,1
27,/content/Anomaly_Videos/Robbery/Robbery088_x264.mp4,2412,6.910943689793376,7.769260777770987,-1.6998869495183042,-2.061821379985197,1
28,/content/Anomaly_Videos/Robbery/Robbery088_x264.mp4,2472,3.428862542644666,5.514591807818156,-1.6650377670998113,-2.757473410790056,1
29,/content/Anomaly_Videos/Robbery/Robbery088_x264.mp4,2502,2.7733089176173125,4.373899821779123,-1.5194427031958797,-3.387698657417249,1
30,/content/Anomaly_Videos/Robbery/Robbery088_x264.mp4,2622,0.4748132921879761,0.7182818940886615,-1.4558428680711362,-2.6261476508899615,2
31,/content/Anomaly_Videos/Robbery/Robbery088_x264.mp4,2652,0.7341051378859637,1.0691523550812025,-1.6174105425728134,-1.9905539295091994,2
32,/content/Anomaly_Videos/Robbery/Robbery088_x264.mp4,2682,0.4168327883326479,0.6244489788683175,-1.5361700983632607,-3.136057332142512,2
33,/content/Anomaly_Videos/Robbery/Robbery088_x264.mp4,2712,0.5113842482432713,0.7228165935904125,-1.4732103279466797,-2.008135328673829,1
34,/content/Anomaly_Videos/Robbery/Robbery088_x264.mp4,2742,0.7725656439381944,1.1527047149649756,-1.5602326930119284,-2.1879459757605733,1
35,/content/Anomaly_Videos/Robbery/Robbery088_x264.mp4,2772,0.6110615678348235,1.0770772561698816,-1.440695770480121,-2.8021108882724115,1
36,/content/Anomaly_Videos/Robbery/Robbery088_x264.mp4,2802,0.44552917375274487,0.7386549835408847,-1.3742715399599388,-2.4305031681846865,1
37,/content/Anomaly_Videos/Robbery/Robbery088_x264.mp4,2832,0.40647539155528134,0.5874051937138998,-1.4214266065228884,-2.1133065865334637,1
38,/content/Anomaly_Videos/Robbery/Robbery088_x264.mp4,2862,1.001407647556678,1.237782433760766,-1.6005154195434594,-1.9241846736445705,1
39,/content/Anomaly_Videos/Robbery/Robbery088_x264.mp4,2892,1.0141268081999817,1.1256432151911,-1.542336412888033,-2.0055279104336314,1
40,/content/Anomaly_Videos/Robbery/Robbery088_x264.mp4,2922,1.0391133336069056,1.2303576378880563,-1.543908645565422,-1.715759994270351,1
41,/content/Anomaly_Videos/Robbery/Robbery088_x264.mp4,2982,0.2947395933210351,0.46930366710305943,-1.2559514851339268,-1.6936435186428072,1
42,/content/Anomaly_Videos/Robbery/Robbery088_x264.mp4,3012,0.4744789975927018,0.6766126513734008,-1.1023231371933482,-1.6989972794875505,1
43,/content/Anomaly_Videos/Robbery/Robbery088_x264.mp4,3042,0.6105836913300253,0.6722394319785192,-1.6666014580648518,-1.4487458603571661,1
44,/content/Anomaly_Videos/Robbery/Robbery088_x264.mp4,3072,0.8459171754403969,0.7096121661332525,-1.6405628572604642,-2.1611150805312325,1
45,/content/Anomaly_Videos/Robbery/Robbery088_x264.mp4,3132,0.7273204554852135,0.8364569410883866,-1.5457330435325498,-1.814775596379097,1
46,/content/Anomaly_Videos/Robbery/Robbery088_x264.mp4,3162,1.2602908453584236,1.8803543324322411,-1.5779033096027826,-2.2943084243285887,1
47,/content/Anomaly_Videos/Robbery/Robbery088_x264.mp4,3192,1.0412299693532778,0.993154867662461,-1.555811571296351,-1.697585388584585,2
48,/content/Anomaly_Videos/Robbery/Robbery088_x264.mp4,3222,0.47475911104694574,0.7089319898453823,-1.709986275155752,-2.1947396498054568,1
49,/content/Anomaly_Videos/Robbery/Robbery088_x264.mp4,3252,0.4043416862440501,0.3870074741024943,-2.135939250795101,-1.5841167385011339,1
50,/content/Anomaly_Videos/Robbery/Robbery088_x264.mp4,3282,0.5316529862675959,0.8198642796888239,-1.750060765438281,-2.3206690679502002,1
51,/content/Anomaly_Videos/Robbery/Robbery088_x264.mp4,3372,0.04511414465682553,0.1055233824116827,0.4579540803316829,2.394568875775395,1
52,/content/Anomaly_Videos/Robbery/Robbery088_x264.mp4,3582,0.37273539246963155,0.4342450045980382,-1.6370917008753285,-3.0847712438337656,1
53,/content/Anomaly_Videos/Robbery/Robbery088_x264.mp4,3612,0.5131671241934624,0.47799687911889627,-1.4786158261233513,-2.0503258406499034,1
54,/content/Anomaly_Videos/Robbery/Robbery088_x264.mp4,3642,0.3169632710170834,0.19987999277123894,-1.3930064864080511,-0.8723394359269114,1
55,/content/Anomaly_Videos/Robbery/Robbery088_x264.mp4,3672,0.6291620425158025,0.8842424042943888,-1.5598849222337177,-3.3613798994826305,1
56,/content/Anomaly_Videos/Robbery/Robbery088_x264.mp4,3702,0.17724481536020825,0.36268810152169784,-1.5452332473561985,-4.832111350778296,1
57,/content/Anomaly_Videos/Robbery/Robbery088_x264.mp4,3732,0.2027385645807641,0.14743179317774946,-0.795944604523625,-2.9863606765601656,1
58,/content/Anomaly_Videos/Robbery/Robbery088_x264.mp4,3762,0.029340606725738707,0.029266115280160095,-2.2252818299579444,-1.1606738887963872,1
59,/content/Anomaly_Videos/Robbery/Robbery088_x264.mp4,3852,0.034193263859090404,0.14423187021029515,-2.0141296510431292,-9.09612102780019,1
60,/content/Anomaly_Videos/Robbery/Robbery088_x264.mp4,3882,0.19050646795808635,0.2326471173081854,-1.529426565815005,-2.3765601780465295,1
61,/content/Anomaly_Videos/Robbery/Robbery088_x264.mp4,3912,0.4420915754406224,0.45704953241471724,-2.4643625154804982,-2.5673365406616457,1
62,/content/Anomaly_Videos/Robbery/Robbery088_x264.mp4,3942,0.35907111882479154,0.2925705835077601,0.0014936394630214024,-10.65721169033034,3
63,/content/Anomaly_Videos/Robbery/Robbery088_x264.mp4,3972,0.7817782649115321,0.9780797835485686,-0.061250486338471424,107.92570436076124,1
64,/content/Anomaly_Videos/Robbery/Robbery088_x264.mp4,4062,0.83337344632098,1.412103999479014,-1.2101184496044624,-2.6217233057798564,1
65,/content/Anomaly_Videos/Robbery/Robbery088_x264.mp4,4092,0.8510865461696725,1.0767060899108762,-1.5199212438933947,-1.7826003750450177,2
66,/content/Anomaly_Videos/Robbery/Robbery088_x264.mp4,4332,1.0652585236298335,1.4480996832589255,2.962838891639074,11.261377186304403,1
67,/content/Anomaly_Videos/Robbery/Robbery088_x264.mp4,4362,1.176553049197048,1.6724009543965146,2.984705609167305,17.37113043935538,1
68,/content/Anomaly_Videos/Robbery/Robbery088_x264.mp4,4392,1.0355736400712763,1.6667984853960431,3.0289967227731474,33.06239311087259,1
69,/content/Anomaly_Videos/Robbery/Robbery088_x264.mp4,4482,0.9364942996032649,1.4542474657787994,2.88464836473444,14.989618688146097,2
70,/content/Anomaly_Videos/Robbery/Robbery108_x264.mp4,126,0.37502490283686135,0.7247814746194651,-2.1010225508951152,-3.48398662727332,1
71,/content/Anomaly_Videos/Robbery/Robbery108_x264.mp4,756,0.07976162293193378,0.12397462201657537,-2.3581020518718256,14.984143880775452,2
72,/content/Anomaly_Videos/Robbery/Robbery108_x264.mp4,786,0.17897679475362258,0.32500215670146887,2.0273144795195344,1.9944239347952992,2
73,/content/Anomaly_Videos/Robbery/Robbery108_x264.mp4,816,0.23794897541607093,0.49500423966302987,1.5364288829657606,1.8487876725737522,1
74,/content/Anomaly_Videos/Robbery/Robbery108_x264.mp4,846,0.11283548232186424,0.20225601664327086,-2.54779813487204,-7.706529609605305,1
75,/content/Anomaly_Videos/Robbery/Robbery108_x264.mp4,876,0.4817357245675753,0.590404062767921,1.899358235400854,1.9791538517231477,2
76,/content/Anomaly_Videos/Robbery/Robbery108_x264.mp4,906,0.25008567344980526,0.30512035999510195,1.3838566519571875,2.6741533151344266,2
77,/content/Anomaly_Videos/Robbery/Robbery108_x264.mp4,996,0.23093605789892008,0.4027512709154057,1.5473641036761023,2.0533125561556966,1
78,/content/Anomaly_Videos/Robbery/Robbery108_x264.mp4,1026,0.14759185350518722,0.18589227571070857,1.0093528907676623,2.3272418671783006,1
79,/content/Anomaly_Videos/Robbery/Robbery108_x264.mp4,1116,0.4982398196914989,0.4713107428726497,1.4790719447664311,1.1009681597076328,1
80,/content/Anomaly_Videos/Robbery/Robbery108_x264.mp4,1146,0.39373270060290344,0.5126679267388159,1.6166679206606187,2.0961615246698235,1
0,/content/Anomaly_Videos/RoadAccidents/RoadAccidents076_x264.mp4,523,0.2759381266944854,0.1147770004244989,2.9196821206720966,2.8445885473535775,2
1,/content/Anomaly_Videos/RoadAccidents/RoadAccidents076_x264.mp4,553,0.49713074487466147,0.03127765679441695,3.025580636873008,0.5050480590384737,2
2,/content/Anomaly_Videos/RoadAccidents/RoadAccidents076_x264.mp4,583,0.6272215763143606,0.34633748945066245,3.1017484606878725,5.006245439610952,2
3,/content/Anomaly_Videos/RoadAccidents/RoadAccidents076_x264.mp4,613,0.0810831098042239,0.10694460479643628,2.592147375399564,1.573145949283976,2
4,/content/Anomaly_Videos/RoadAccidents/RoadAccidents076_x264.mp4,643,0.5146590157327888,0.35318774129991515,-3.0919454464021943,-38.66360662634771,2
5,/content/Anomaly_Videos/RoadAccidents/RoadAccidents076_x264.mp4,673,0.4028195783327625,0.3094447766167477,0.12133111679609156,3.0366896837277992,2
6,/content/Anomaly_Videos/RoadAccidents/RoadAccidents076_x264.mp4,703,2.858724758682449,3.612895180210123,3.0535910246306366,29.63509668915541,1
7,/content/Anomaly_Videos/RoadAccidents/RoadAccidents076_x264.mp4,733,1.1284665792959507,1.242523354842962,3.0744452485261693,9.686787392098658,1
8,/content/Anomaly_Videos/RoadAccidents/RoadAccidents076_x264.mp4,763,1.0915244547485472,0.8240956641544964,3.082425922163575,6.451801965766909,1
9,/content/Anomaly_Videos/RoadAccidents/RoadAccidents076_x264.mp4,853,0.9915363888645594,1.4121893491964248,2.9898368859626245,7.882736723713298,1
10,/content/Anomaly_Videos/RoadAccidents/RoadAccidents076_x264.mp4,883,2.2697945556291903,1.8511523054421068,3.075901923372484,11.074969324365647,1
11,/content/Anomaly_Videos/RoadAccidents/RoadAccidents076_x264.mp4,913,2.3762282458675,2.1325005723590515,3.080657522513251,20.52662958215801,1
12,/content/Anomaly_Videos/RoadAccidents/RoadAccidents076_x264.mp4,943,2.3269069357849856,1.6210242819802554,3.0951985419453893,13.060965856276871,1
13,/content/Anomaly_Videos/RoadAccidents/RoadAccidents076_x264.mp4,973,2.616243995624607,2.1281973010626096,3.0766436409906968,24.367177922981252,1
14,/content/Anomaly_Videos/RoadAccidents/RoadAccidents076_x264.mp4,1003,2.0504625676425174,2.1408070117423734,3.060559094039314,16.407009623224546,1
15,/content/Anomaly_Videos/RoadAccidents/RoadAccidents076_x264.mp4,1033,3.547165604337593,3.0104012366373385,3.1064675840344624,121.62888633715693,2
16,/content/Anomaly_Videos/RoadAccidents/RoadAccidents076_x264.mp4,1093,4.448676668194247,4.592069162656827,3.0460209339989395,-64.66695112579214,1
17,/content/Anomaly_Videos/RoadAccidents/RoadAccidents076_x264.mp4,1183,0.29533810791816495,0.3691116716500506,-0.07652638266138437,-17.173038134335656,1
18,/content/Anomaly_Videos/RoadAccidents/RoadAccidents076_x264.mp4,1213,0.046740438445749426,0.03401568969137855,-0.11724302996361341,-8.450764439164699,1
19,/content/Anomaly_Videos/RoadAccidents/RoadAccidents076_x264.mp4,1243,0.014799918090562443,0.06552518528121887,3.103153081859331,-4.263274859480338,1
20,/content/Anomaly_Videos/RoadAccidents/RoadAccidents076_x264.mp4,1273,0.2514849327009806,0.3354345739550151,3.096285220167815,-30.681730237957385,1
21,/content/Anomaly_Videos/RoadAccidents/RoadAccidents076_x264.mp4,1303,0.2262251308325218,0.15301704089358695,-0.3066435161114664,-5.670425186372914,1
22,/content/Anomaly_Videos/RoadAccidents/RoadAccidents076_x264.mp4,1363,0.22443374881397166,0.3606319796034384,-3.0326361960026937,-118.3799768795633,1
23,/content/Anomaly_Videos/RoadAccidents/RoadAccidents076_x264.mp4,1393,0.2756517057805613,0.32198848845153455,3.0971986729596708,6.786742305986,1
24,/content/Anomaly_Videos/RoadAccidents/RoadAccidents076_x264.mp4,1423,0.2772325024907963,0.2855443944809907,-0.2388990826273194,-9.286399633627376,1
25,/content/Anomaly_Videos/RoadAccidents/RoadAccidents076_x264.mp4,1633,0.2673530652583794,0.06995852523627427,2.9148038536641017,0.8001170402587353,1
26,/content/Anomaly_Videos/RoadAccidents/RoadAccidents076_x264.mp4,1663,0.12133479564913512,0.2433328426092845,0.8666645623235718,2.2453805675151663,1
27,/content/Anomaly_Videos/RoadAccidents/RoadAccidents076_x264.mp4,1693,0.2954821959318429,0.3762162626486724,2.943901210634176,4.802275729996553,1
28,/content/Anomaly_Videos/RoadAccidents/RoadAccidents076_x264.mp4,1873,0.3919084408203768,0.09046420748195265,-0.11672396698687927,-1.4945540271247761,3
29,/content/Anomaly_Videos/RoadAccidents/RoadAccidents076_x264.mp4,1903,0.91251806553365,0.24936168604904596,0.10801839768826801,-21.99530435200643,4
30,/content/Anomaly_Videos/RoadAccidents/RoadAccidents076_x264.mp4,1933,0.6152461809691272,0.6276876800139546,-0.14422541309535702,-16.679736611567797,4
31,/content/Anomaly_Videos/RoadAccidents/RoadAccidents076_x264.mp4,1963,0.35997043358333275,0.11800506857125938,0.012149385558613389,-2.8333646149588834,4
32,/content/Anomaly_Videos/RoadAccidents/RoadAccidents076_x264.mp4,1993,0.28186078169675105,0.17592806613576964,0.009824556355369642,-4.664204391200748,4
33,/content/Anomaly_Videos/RoadAccidents/RoadAccidents076_x264.mp4,2023,0.4593932061307759,0.20691353577775573,0.022455031872700704,-17.267031510849048,4
34,/content/Anomaly_Videos/RoadAccidents/RoadAccidents076_x264.mp4,2053,1.2676907260619974,0.36213529538883826,0.09265840472477943,5.390739411242772,2
35,/content/Anomaly_Videos/RoadAccidents/RoadAccidents076_x264.mp4,2083,0.13522210250378602,0.09143673917579916,2.8508484709876427,1.8081004809897345,4
36,/content/Anomaly_Videos/RoadAccidents/RoadAccidents076_x264.mp4,2113,0.36944145871896295,0.6556044387796727,-0.02169163011633255,-76.24155931991395,3
37,/content/Anomaly_Videos/RoadAccidents/RoadAccidents076_x264.mp4,2143,0.22283292574043498,0.31096281145341487,-0.08745330515867716,-39.662831891810725,5
38,/content/Anomaly_Videos/RoadAccidents/RoadAccidents076_x264.mp4,2173,0.609588023158431,0.4868956038296558,-1.8624151676362029,-1.251368974592498,6
39,/content/Anomaly_Videos/RoadAccidents/RoadAccidents076_x264.mp4,2203,0.18199745316573984,0.24338477929893357,-2.5149012124648915,-0.7160511668127774,1
40,/content/Anomaly_Videos/RoadAccidents/RoadAccidents076_x264.mp4,2233,0.09869689898871663,0.09945750167962782,-2.346615522891049,-2.475946192661768,3
41,/content/Anomaly_Videos/RoadAccidents/RoadAccidents076_x264.mp4,2263,0.18259467548750127,0.12109373886219627,-2.052611402613852,-1.6221742638148842,3
42,/content/Anomaly_Videos/RoadAccidents/RoadAccidents076_x264.mp4,2293,0.2977106078432185,0.5290239826977094,-1.385545970878681,-1.967574482757162,2
43,/content/Anomaly_Videos/RoadAccidents/RoadAccidents076_x264.mp4,2353,0.5109651374568351,0.7757492404800854,3.110208560363749,-19.688808194124537,2
44,/content/Anomaly_Videos/RoadAccidents/RoadAccidents076_x264.mp4,2383,0.6606366959135731,0.7681395117507585,-3.1024575152095,74.4996213914409,3
45,/content/Anomaly_Videos/RoadAccidents/RoadAccidents020_x264.mp4,327,0.6244485331912215,0.32202107687718423,-1.8600153924101326,-0.8240552037627543,2
46,/content/Anomaly_Videos/RoadAccidents/RoadAccidents020_x264.mp4,357,0.45774942132679897,0.0665051420915657,-1.7557031463586692,-0.22818951365179688,2
47,/content/Anomaly_Videos/RoadAccidents/RoadAccidents020_x264.mp4,387,0.31106830124133356,0.22016313171278165,-1.6209336377496995,-0.8829430601719944,2
48,/content/Anomaly_Videos/RoadAccidents/RoadAccidents020_x264.mp4,417,0.592786244774124,1.1862434512975955,-2.0283032951778885,-3.110393573466362,6
49,/content/Anomaly_Videos/RoadAccidents/RoadAccidents020_x264.mp4,447,1.0595309944876263,1.175428924896396,-1.6078966874355984,-2.0471614481750877,2
50,/content/Anomaly_Videos/RoadAccidents/RoadAccidents020_x264.mp4,477,0.5911104192851149,0.0827840685081988,-3.0940895514944313,-0.8586070501314593,1
51,/content/Anomaly_Videos/RoadAccidents/RoadAccidents020_x264.mp4,867,0.5721887862437732,0.6504318713544731,-1.1975657581731303,-1.6545262264221174,3
52,/content/Anomaly_Videos/RoadAccidents/RoadAccidents020_x264.mp4,1047,0.29305832066926274,0.3822056974638417,-0.00581917658049276,-39.014514308895976,6
53,/content/Anomaly_Videos/RoadAccidents/RoadAccidents020_x264.mp4,1077,0.39984881578218895,0.290201569452246,2.9560887867218226,2.8373075822614506,8
54,/content/Anomaly_Videos/RoadAccidents/RoadAccidents020_x264.mp4,1137,1.2004918352739626,0.847890001594689,-0.03419697554214039,356.52214789459754,3
55,/content/Anomaly_Videos/RoadAccidents/RoadAccidents020_x264.mp4,1167,1.832594711511501,0.5436358650782661,0.21817911053520048,-6.537514969024384,3
56,/content/Anomaly_Videos/RoadAccidents/RoadAccidents020_x264.mp4,1197,1.1919020260329038,1.256453468598728,-0.0002723436090967386,-9.689256418796093,6
57,/content/Anomaly_Videos/RoadAccidents/RoadAccidents020_x264.mp4,1227,0.2884233026290112,0.3371119494237465,3.1354582138398874,19.063637561221757,6
58,/content/Anomaly_Videos/RoadAccidents/RoadAccidents020_x264.mp4,1257,0.8142493086087064,0.7016719322286536,-0.15889557577534405,8.142703287859566,4
59,/content/Anomaly_Videos/RoadAccidents/RoadAccidents020_x264.mp4,1287,0.2568138735680595,0.14289890079794398,2.927251458408722,3.11456091796818,2
60,/content/Anomaly_Videos/RoadAccidents/RoadAccidents020_x264.mp4,1347,0.7825454849715605,0.7241069127959302,-0.1629465396719912,8.87293128001502,6
61,/content/Anomaly_Videos/RoadAccidents/RoadAccidents020_x264.mp4,1377,0.2484990480408433,0.30312344582940765,2.962759873800056,9.27285503749621,6
62,/content/Anomaly_Videos/RoadAccidents/RoadAccidents020_x264.mp4,1407,0.6798380818519112,0.6642558041442652,-3.1334153123755573,12.067973380050844,3
63,/content/Anomaly_Videos/RoadAccidents/RoadAccidents020_x264.mp4,1467,1.2202061869057692,1.2853983334998316,0.03946087068913153,6.298388614563596,3
64,/content/Anomaly_Videos/RoadAccidents/RoadAccidents020_x264.mp4,1497,0.08765991030866878,0.10946388176376447,-2.403552107846252,-0.8895595206156721,9
65,/content/Anomaly_Videos/RoadAccidents/RoadAccidents020_x264.mp4,1527,0.2900340955065218,0.27400908960599285,-1.168075768944494,-1.863744241477069,8
66,/content/Anomaly_Videos/RoadAccidents/RoadAccidents020_x264.mp4,1557,1.5110622845433819,1.5602951298079435,3.1051716492836405,19.86918166733656,5
67,/content/Anomaly_Videos/RoadAccidents/RoadAccidents020_x264.mp4,1587,0.9186908619482416,1.2938628007137642,-3.039416495007929,-14.77887307851081,6
68,/content/Anomaly_Videos/RoadAccidents/RoadAccidents020_x264.mp4,1647,0.855107902468112,0.9172893883787772,-3.063917541828682,-635.5121491302707,6
69,/content/Anomaly_Videos/RoadAccidents/RoadAccidents020_x264.mp4,1677,1.0181618832016375,1.1342059339834576,-3.1247846637643324,-117.22449573038668,1
70,/content/Anomaly_Videos/RoadAccidents/RoadAccidents063_x264.mp4,1014,0.38087715579912224,0.3554881624726416,-2.1287765919830774,-1.5341227902679206,4
71,/content/Anomaly_Videos/RoadAccidents/RoadAccidents063_x264.mp4,1314,0.5982414155858177,0.9978992212551582,-1.798721355393175,-2.2431107206450482,1
72,/content/Anomaly_Videos/RoadAccidents/RoadAccidents063_x264.mp4,2304,0.3959020581312041,0.5559991426055128,-0.019496512290196322,7905.184501108042,3
73,/content/Anomaly_Videos/RoadAccidents/RoadAccidents056_x264.mp4,241,0.4991480687942654,0.20920092932485299,-0.536893935990566,-0.9414966637241176,4
74,/content/Anomaly_Videos/RoadAccidents/RoadAccidents056_x264.mp4,331,0.9644734005178544,0.8643680006242987,-0.04806667563108322,-142.47513017725768,6
75,/content/Anomaly_Videos/RoadAccidents/RoadAccidents056_x264.mp4,361,0.8482013877160304,0.6917309179022516,-0.08638699169552365,23.729653017855213,3
76,/content/Anomaly_Videos/RoadAccidents/RoadAccidents056_x264.mp4,481,0.9408334567463328,1.4904766195827324,3.124831699561851,-11.919107040910461,7
77,/content/Anomaly_Videos/RoadAccidents/RoadAccidents056_x264.mp4,541,1.0799769734421405,1.138305055844294,0.06761038803954172,8.967604453278886,4
78,/content/Anomaly_Videos/RoadAccidents/RoadAccidents087_x264.mp4,300,0.06355430121050762,0.24272034826941702,1.310916468322076,3.5501628634022895,3
79,/content/Anomaly_Videos/RoadAccidents/RoadAccidents087_x264.mp4,660,0.2293042155639735,0.2550077795739992,0.1424385939977233,26.268960983835626,3
80,/content/Anomaly_Videos/RoadAccidents/RoadAccidents087_x264.mp4,690,0.19588282608768748,0.27524318388818075,-0.30063540273821415,-4.149564986812811,3
81,/content/Anomaly_Videos/RoadAccidents/RoadAccidents087_x264.mp4,720,0.3924413676900842,0.5363524841280948,-0.16200698004208713,-8.290478070202209,4
82,/content/Anomaly_Videos/RoadAccidents/RoadAccidents087_x264.mp4,750,0.3877044023232016,0.4062296074231913,-0.09111021930119403,-29.811569922201787,3
83,/content/Anomaly_Videos/RoadAccidents/RoadAccidents087_x264.mp4,780,0.9795243789922635,1.0063899786661346,-0.11342271469795574,-47.086904044612446,2
84,/content/Anomaly_Videos/RoadAccidents/RoadAccidents087_x264.mp4,810,0.7826266285637987,0.7136116039736043,-0.6135343767032608,-23.650992113919894,3
85,/content/Anomaly_Videos/RoadAccidents/RoadAccidents087_x264.mp4,840,1.4661222829056124,1.8234838070161685,-0.14903149274137104,-23.443472715662434,3
86,/content/Anomaly_Videos/RoadAccidents/RoadAccidents087_x264.mp4,870,3.3227302366334275,4.722582971563265,-0.08172958156387297,-34.808067746501585,3
87,/content/Anomaly_Videos/RoadAccidents/RoadAccidents087_x264.mp4,900,3.556704497948075,4.160214936085097,-0.03204337086728037,-45.78882687960918,3
88,/content/Anomaly_Videos/RoadAccidents/RoadAccidents087_x264.mp4,930,4.022503217717179,2.5181834140741755,-0.09978796084171974,-48.892839528871654,3
89,/content/Anomaly_Videos/RoadAccidents/RoadAccidents087_x264.mp4,960,5.864565110218026,8.617581603525876,-0.09100004539855215,-8.381260768524692,3
90,/content/Anomaly_Videos/RoadAccidents/RoadAccidents087_x264.mp4,990,0.2354546659398853,0.40076537115049765,0.036928998544293795,46.533882367151364,3
91,/content/Anomaly_Videos/RoadAccidents/RoadAccidents087_x264.mp4,1020,0.26337410321595167,0.24948123404129394,-0.028849692881943684,-7.777584726267074,3
92,/content/Anomaly_Videos/RoadAccidents/RoadAccidents087_x264.mp4,1050,0.2308656998244947,0.30866712952012726,-0.05654393059151748,-15.082452371069696,3
93,/content/Anomaly_Videos/RoadAccidents/RoadAccidents087_x264.mp4,1080,0.33947864243046016,0.47204882042485635,0.0021782101004240366,-356.2442095638085,3
94,/content/Anomaly_Videos/RoadAccidents/RoadAccidents087_x264.mp4,1110,0.2929376950439451,0.4675062419887661,0.04640605239308897,-90.19402961286308,3
95,/content/Anomaly_Videos/RoadAccidents/RoadAccidents087_x264.mp4,1140,0.39006474609817665,0.4295524765201953,0.01940236494848038,-29.243439250092294,3
96,/content/Anomaly_Videos/RoadAccidents/RoadAccidents087_x264.mp4,1170,0.3370987815245488,0.44119783372814286,0.10362676355952308,464.0215242721375,3
97,/content/Anomaly_Videos/RoadAccidents/RoadAccidents087_x264.mp4,1200,0.49734840522693435,0.6104030110420022,0.32931487469258697,7.938598229393792,5
98,/content/Anomaly_Videos/RoadAccidents/RoadAccidents087_x264.mp4,1230,0.7042222975577445,0.9161715566141329,0.2477104509567037,10.011696915147049,2
99,/content/Anomaly_Videos/RoadAccidents/RoadAccidents087_x264.mp4,1320,0.8089470391486709,1.2264522222547554,0.2459335977161004,7.952203521233506,2
100,/content/Anomaly_Videos/RoadAccidents/RoadAccidents087_x264.mp4,1350,0.6039593127518244,0.8726245598144403,0.3637119140525775,5.912379604406026,2
101,/content/Anomaly_Videos/RoadAccidents/RoadAccidents087_x264.mp4,1380,0.6970884473896759,0.5940614203779564,0.12762675067989027,6.031283973947217,2
102,/content/Anomaly_Videos/RoadAccidents/RoadAccidents087_x264.mp4,1410,0.13431639261031997,0.23682845943489003,-0.14705600033834756,-25.354941795481967,3
103,/content/Anomaly_Videos/RoadAccidents/RoadAccidents087_x264.mp4,1440,0.6558683540804161,0.6668059933668629,0.36793275462966984,3.945711015964073,2
104,/content/Anomaly_Videos/RoadAccidents/RoadAccidents087_x264.mp4,1470,0.4164099475699191,0.5071528849322655,-0.15608272350822938,37.339606599926114,5
105,/content/Anomaly_Videos/RoadAccidents/RoadAccidents087_x264.mp4,1500,0.39678798066653104,0.47045327528556297,0.4845390560915205,3.5462486312744117,6
106,/content/Anomaly_Videos/RoadAccidents/RoadAccidents087_x264.mp4,1530,0.191283745121939,0.2979690945490634,0.944758883900568,4.901430850870465,1
107,/content/Anomaly_Videos/RoadAccidents/RoadAccidents087_x264.mp4,1560,0.5038878575867854,0.536868393684638,-3.0683139302048037,-18.829558576989765,1
108,/content/Anomaly_Videos/RoadAccidents/RoadAccidents087_x264.mp4,1590,0.2016345989877286,0.1647209731961682,-0.20835540861416962,-2.316094518296481,4
109,/content/Anomaly_Videos/RoadAccidents/RoadAccidents087_x264.mp4,1650,0.21702919908395074,0.15356125584411606,-0.2521823646234302,-2.6233833625181227,5
110,/content/Anomaly_Videos/RoadAccidents/RoadAccidents087_x264.mp4,1680,0.6120391367591496,0.5780806356226166,-0.08701498734818515,-12.85929569728501,4
111,/content/Anomaly_Videos/RoadAccidents/RoadAccidents087_x264.mp4,1710,1.092241696699686,1.1666707931533637,-0.04795309850453833,-55.72110789699639,3
112,/content/Anomaly_Videos/RoadAccidents/RoadAccidents087_x264.mp4,1740,0.5066813653271898,0.194688321339513,0.05007184167160866,-3.560651470327707,3
113,/content/Anomaly_Videos/RoadAccidents/RoadAccidents087_x264.mp4,1770,0.7487192776822803,0.45263035790556544,-0.035371037883810214,-7.497075049697288,3
114,/content/Anomaly_Videos/RoadAccidents/RoadAccidents087_x264.mp4,1800,1.2851301066633352,0.6687243113282028,0.0883893558452962,16.5119361259169,1
115,/content/Anomaly_Videos/RoadAccidents/RoadAccidents087_x264.mp4,1830,0.6562849983406714,2.4645433023774355,0.0241387355062614,-45.496751075398706,1
116,/content/Anomaly_Videos/RoadAccidents/RoadAccidents087_x264.mp4,1860,1.6766744352799992,2.535088399916664,0.04518722839910719,-117.87126880236856,1
117,/content/Anomaly_Videos/RoadAccidents/RoadAccidents087_x264.mp4,1890,0.5119332207869578,0.6379599444568869,-0.03023217704358615,-59.460194590742496,5
118,/content/Anomaly_Videos/RoadAccidents/RoadAccidents087_x264.mp4,1920,0.30223420562742903,0.37541021238969824,0.0739508326705097,-36.744286925312664,3
119,/content/Anomaly_Videos/RoadAccidents/RoadAccidents087_x264.mp4,1950,0.48096318159256257,0.5743060046279328,0.06816000137659126,-58.96945964808884,2
120,/content/Anomaly_Videos/RoadAccidents/RoadAccidents087_x264.mp4,2040,1.2632213325822015,1.6855832474860022,-3.096301455588931,-55.97308608531153,3
121,/content/Anomaly_Videos/RoadAccidents/RoadAccidents087_x264.mp4,2070,0.6968138053243191,0.6464055095644777,0.05524564346517009,-17.57264060295831,4
122,/content/Anomaly_Videos/RoadAccidents/RoadAccidents087_x264.mp4,2100,0.023730843001615463,0.08994026979103373,-1.8906541399745083,-6.389654806360862,3
123,/content/Anomaly_Videos/RoadAccidents/RoadAccidents087_x264.mp4,2130,0.1841815943802131,0.29377971257858937,-0.08364473665999352,51.392047362510276,3
124,/content/Anomaly_Videos/RoadAccidents/RoadAccidents087_x264.mp4,2160,0.18833680332620592,0.15795507302420927,0.02302762359545105,13.698445012937992,2
125,/content/Anomaly_Videos/RoadAccidents/RoadAccidents087_x264.mp4,2220,1.2841667380320045,1.5394640928664312,0.054180411265843,10.214963222486661,3
126,/content/Anomaly_Videos/RoadAccidents/RoadAccidents087_x264.mp4,2250,0.771918492290512,0.4946405248949896,0.044598205258562215,3.7544318008537108,1
127,/content/Anomaly_Videos/RoadAccidents/RoadAccidents087_x264.mp4,2280,0.4612819568235432,0.4123130609454372,-0.12138271063990684,-4.7282742878351085,6
128,/content/Anomaly_Videos/RoadAccidents/RoadAccidents087_x264.mp4,2310,0.21937984687695608,0.14551287025048767,-0.29056487271780707,-2.264926498668122,3
129,/content/Anomaly_Videos/RoadAccidents/RoadAccidents087_x264.mp4,2400,0.3839979447727423,0.7069723805343752,-0.18055560479710833,-34.55074334244918,5
130,/content/Anomaly_Videos/RoadAccidents/RoadAccidents087_x264.mp4,2430,0.4839491462923878,0.4324226900422515,-0.06307702911558978,-28.03405454733005,3
131,/content/Anomaly_Videos/RoadAccidents/RoadAccidents087_x264.mp4,2460,0.412569942204084,0.6051263818361554,0.07268169173119694,-47.24389933251892,5
132,/content/Anomaly_Videos/RoadAccidents/RoadAccidents087_x264.mp4,2490,0.2620696129179659,0.4659430384739832,0.16978292385657298,48.12852164812052,5
133,/content/Anomaly_Videos/RoadAccidents/RoadAccidents087_x264.mp4,2520,0.36051305764032293,0.19803973452324203,-0.020589029512364482,-20.89946660971385,1
134,/content/Anomaly_Videos/RoadAccidents/RoadAccidents087_x264.mp4,2550,0.4024916537224478,0.4504180540465099,-0.05176679767491729,-145.16320539097472,3
135,/content/Anomaly_Videos/RoadAccidents/RoadAccidents087_x264.mp4,2580,0.2773506987824339,0.5305968488446811,0.13662440964471312,12.251278110887865,4
136,/content/Anomaly_Videos/RoadAccidents/RoadAccidents087_x264.mp4,2610,0.20026004963822538,0.26259222862891896,0.25822031036702203,13.727157705316158,1
137,/content/Anomaly_Videos/RoadAccidents/RoadAccidents087_x264.mp4,2640,0.2706370826350389,0.3760543964600168,3.121884236486335,14.328075218179219,5
138,/content/Anomaly_Videos/RoadAccidents/RoadAccidents087_x264.mp4,2670,0.4721514636760308,0.6505601500722169,3.1127197082569364,-519.4207470972254,1
139,/content/Anomaly_Videos/RoadAccidents/RoadAccidents087_x264.mp4,2700,0.36342409229397193,0.4920588072425739,-2.875600719321129,-83.53826741965085,4
140,/content/Anomaly_Videos/RoadAccidents/RoadAccidents087_x264.mp4,2730,0.3689335961796697,0.5362878833119806,-2.76951330217536,-46.3629075645165,4
141,/content/Anomaly_Videos/RoadAccidents/RoadAccidents087_x264.mp4,2760,0.3656612667820064,0.5253826991117878,-2.8502268207717414,-1999.0835234249525,4
142,/content/Anomaly_Videos/RoadAccidents/RoadAccidents087_x264.mp4,2790,0.4124580100199638,0.6334793473580291,-2.8549924064962364,-12.169702035415146,6
143,/content/Anomaly_Videos/RoadAccidents/RoadAccidents087_x264.mp4,2820,0.6461544126559584,0.625237303141598,-3.0899276250260472,12.880409734912503,4
144,/content/Anomaly_Videos/RoadAccidents/RoadAccidents087_x264.mp4,2850,0.6042535127113018,0.7312364088251134,2.9606731643262774,11.2306670761013,5
145,/content/Anomaly_Videos/RoadAccidents/RoadAccidents087_x264.mp4,2940,0.4467996219709967,0.6040273636213789,-0.14165879453020414,-62.70316581415579,10
146,/content/Anomaly_Videos/RoadAccidents/RoadAccidents087_x264.mp4,3000,0.46909196911992074,0.48008949412747187,-0.07931502225257636,316.5853762403635,8
147,/content/Anomaly_Videos/RoadAccidents/RoadAccidents087_x264.mp4,3030,0.5409766066736948,0.799042553523112,-0.08701345396792014,12.169804969927794,8
148,/content/Anomaly_Videos/RoadAccidents/RoadAccidents087_x264.mp4,3060,0.24553819070553634,0.33300253362861665,-0.14826951680037256,-115.96760700835614,4
149,/content/Anomaly_Videos/RoadAccidents/RoadAccidents087_x264.mp4,3090,0.3622862439126502,0.753458254542764,0.025377201846457313,-28.84911446924494,6
150,/content/Anomaly_Videos/RoadAccidents/RoadAccidents087_x264.mp4,3120,1.0749512791984281,0.4200769466723546,0.04561671409806579,-43.07266459041812,7
151,/content/Anomaly_Videos/RoadAccidents/RoadAccidents087_x264.mp4,3150,0.27297427911920996,0.5033774531975166,-0.3168160544212009,-9.645610631215623,7
152,/content/Anomaly_Videos/RoadAccidents/RoadAccidents087_x264.mp4,3180,0.0987837719941185,0.12340420475588403,-0.1272044643696439,-8.523077043559333,3
153,/content/Anomaly_Videos/RoadAccidents/RoadAccidents087_x264.mp4,3240,0.13802966228421595,0.2983815831931446,0.9749884496090511,11.617451829009344,6
154,/content/Anomaly_Videos/RoadAccidents/RoadAccidents087_x264.mp4,3270,0.14703610945911952,0.1519476047739251,1.9906451407721069,2.4696971109691783,1
155,/content/Anomaly_Videos/RoadAccidents/RoadAccidents087_x264.mp4,3300,0.351455297717206,0.5471855197736428,0.03271670972601589,97.45643144333165,6
156,/content/Anomaly_Videos/RoadAccidents/RoadAccidents087_x264.mp4,3390,0.6896321974712193,1.007355292966628,1.617671998566444,2.3931138242083367,6
157,/content/Anomaly_Videos/RoadAccidents/RoadAccidents087_x264.mp4,3420,0.1334193619243766,0.14322885846163494,0.45423431003934056,2.0816641450681392,3
158,/content/Anomaly_Videos/RoadAccidents/RoadAccidents087_x264.mp4,3450,0.4796103451852014,0.9376263323589663,-1.4062548704575009,-2.899605946407283,5
159,/content/Anomaly_Videos/RoadAccidents/RoadAccidents087_x264.mp4,3480,0.4315012269226948,0.08829685833840015,-1.8003721532251062,-0.3235162657064463,7
160,/content/Anomaly_Videos/RoadAccidents/RoadAccidents087_x264.mp4,3510,0.25104639028828896,0.38618957956085714,-0.03261905139842692,17.115053744168293,3
161,/content/Anomaly_Videos/RoadAccidents/RoadAccidents087_x264.mp4,3540,0.3295999871204811,0.44886939857225394,-0.1568245630014163,27.196450943604063,4
162,/content/Anomaly_Videos/RoadAccidents/RoadAccidents087_x264.mp4,3570,0.5249166035342195,0.6944551420876766,-0.1369554738188633,-12.88566379791264,4
163,/content/Anomaly_Videos/RoadAccidents/RoadAccidents087_x264.mp4,3600,0.4677173091568698,0.6478961737605949,-0.27800562105742077,-6.108236563999172,3
164,/content/Anomaly_Videos/RoadAccidents/RoadAccidents087_x264.mp4,3630,0.49102020164178484,0.6275877609154138,-0.18488027613300462,-7.903860676853353,2
165,/content/Anomaly_Videos/RoadAccidents/RoadAccidents087_x264.mp4,3660,0.31306696307026144,0.4059102429938037,-0.09663474977627794,-37.652634967072295,3
166,/content/Anomaly_Videos/RoadAccidents/RoadAccidents087_x264.mp4,3690,0.3061991029632105,0.3724980449179531,-0.35318048637246147,-4.973807865451048,5
167,/content/Anomaly_Videos/RoadAccidents/RoadAccidents087_x264.mp4,3720,0.9256137744501289,1.1473606468120905,-0.09154248889432498,-55.7824441769381,4
168,/content/Anomaly_Videos/RoadAccidents/RoadAccidents087_x264.mp4,3750,1.0156306951424097,1.3231877144247994,0.019408059124031922,67.99330491050732,2
169,/content/Anomaly_Videos/RoadAccidents/RoadAccidents087_x264.mp4,3780,0.10362303880332313,0.21282720717247686,-0.31086002787761724,48.66433191241183,4
170,/content/Anomaly_Videos/RoadAccidents/RoadAccidents087_x264.mp4,3810,0.07161338764219907,0.18886928380670562,0.6571842371384011,3.566019534708561,2
171,/content/Anomaly_Videos/RoadAccidents/RoadAccidents087_x264.mp4,3840,0.3993983519505505,0.3999411953180904,-0.17976716440532783,-6.0459025299008955,3
172,/content/Anomaly_Videos/RoadAccidents/RoadAccidents087_x264.mp4,3870,0.4240597728655129,0.47929930286434913,-0.13190808202959317,-36.80552511570619,3
173,/content/Anomaly_Videos/RoadAccidents/RoadAccidents087_x264.mp4,3900,0.5048432243299885,0.6688596187340538,0.14280034598563637,10.952905616592616,5
174,/content/Anomaly_Videos/RoadAccidents/RoadAccidents087_x264.mp4,3930,0.13606681923090028,0.1620362554476663,2.7357679035163742,3.56976292443821,4
175,/content/Anomaly_Videos/RoadAccidents/RoadAccidents087_x264.mp4,3960,0.3179087577656139,0.009759498083455977,-3.0515803001040287,19.29498083876113,5
176,/content/Anomaly_Videos/RoadAccidents/RoadAccidents087_x264.mp4,3990,0.49481840869526167,1.0512583658797714,2.7633063059743526,7.552584764373162,5
177,/content/Anomaly_Videos/RoadAccidents/RoadAccidents087_x264.mp4,4020,2.896573695620119,2.978015421487789,-3.0416580651061946,-109.57140596519106,5
178,/content/Anomaly_Videos/RoadAccidents/RoadAccidents087_x264.mp4,4050,4.611520138905103,6.748142813328427,2.8746255107835563,16.812691356761057,3
179,/content/Anomaly_Videos/RoadAccidents/RoadAccidents087_x264.mp4,4080,0.08730873380293253,0.18111282329992456,-0.5658234845425434,-5.787375592576228,2
180,/content/Anomaly_Videos/RoadAccidents/RoadAccidents087_x264.mp4,4110,0.20040580666896401,0.1339354602184347,-3.136684018335548,11.929878241967796,3
181,/content/Anomaly_Videos/RoadAccidents/RoadAccidents087_x264.mp4,4140,1.0456764320553416,1.3074757609510164,-3.1361471124186355,-82.20182368659736,2
182,/content/Anomaly_Videos/RoadAccidents/RoadAccidents087_x264.mp4,4170,0.5541034964113434,0.3194772246819069,3.0613806570449733,3.5572844901734753,1
183,/content/Anomaly_Videos/RoadAccidents/RoadAccidents087_x264.mp4,4200,0.19043467464336694,0.20443243347228648,3.0806888239953096,3.9162258405174963,1
184,/content/Anomaly_Videos/RoadAccidents/RoadAccidents087_x264.mp4,4230,0.3011072229837346,0.09888460361436188,-3.120804163910487,8.637609356647282,1
0,/content/Anomaly_Videos/Stealing/Stealing057_x264.mp4,525,0.40448851423850535,0.454601321316995,0.06645249394492204,13.427672018092593,3
1,/content/Anomaly_Videos/Stealing/Stealing072_x264.mp4,7196,0.5184484802094305,0.6161287481446802,-0.0860509161743203,-72.22759923022512,1
2,/content/Anomaly_Videos/Stealing/Stealing072_x264.mp4,7286,0.5165259464167198,0.43245857705976715,0.09205623204939288,19.355353292297977,1
3,/content/Anomaly_Videos/Stealing/Stealing072_x264.mp4,7316,0.3032448959009721,0.32016716595892925,-0.05247892237336048,-37.408949845745866,1
4,/content/Anomaly_Videos/Stealing/Stealing072_x264.mp4,7346,0.2878404629725164,0.2275210576173197,-0.2019562603021736,-7.206572146893152,1
5,/content/Anomaly_Videos/Stealing/Stealing072_x264.mp4,7376,0.23683380209962565,0.2759830374320355,0.07895300953150254,-32.877662969590325,1
6,/content/Anomaly_Videos/Stealing/Stealing072_x264.mp4,7406,0.14968957372213673,0.12007169366412596,0.21627924194440168,-87.94886444395864,1
7,/content/Anomaly_Videos/Stealing/Stealing072_x264.mp4,9356,0.6429229595060919,0.7714840533865279,-1.4561511666803943,-1.6468828483207243,1
8,/content/Anomaly_Videos/Stealing/Stealing072_x264.mp4,10436,0.4782586044014955,0.448474489986468,1.44199361264749,1.5918410266853908,1
0,/content/Anomaly_Videos/Burglary/Burglary069_x264.mp4,865,0.30012370718898734,0.27452352007281866,0.1606364435669102,8.805023301060475,1
1,/content/Anomaly_Videos/Burglary/Burglary069_x264.mp4,895,0.06124576628716009,0.11733496309891871,2.399932704928261,3.1000411336887956,1
2,/content/Anomaly_Videos/Burglary/Burglary069_x264.mp4,925,0.045045540724941595,0.0878584625567657,1.3080332170974438,2.824491883516751,1
3,/content/Anomaly_Videos/Burglary/Burglary069_x264.mp4,1945,0.14444777181385712,0.1402253992580905,0.5194868035697067,17.09806977076925,1
4,/content/Anomaly_Videos/Burglary/Burglary069_x264.mp4,1975,0.30392312618554074,0.3618675747669683,-0.03218628201644415,12.467923081409571,1
5,/content/Anomaly_Videos/Burglary/Burglary069_x264.mp4,2005,0.34093597963028255,0.45733398998536895,-0.006546599961690632,14.540861889560677,1
6,/content/Anomaly_Videos/Burglary/Burglary069_x264.mp4,2095,0.06975494683275076,0.04918390101805899,0.2004847914705373,1.2633875296300878,1
7,/content/Anomaly_Videos/Burglary/Burglary078_x264.mp4,120,0.3311997291905857,0.5901238161065614,0.017598060289318977,-39.904536450110676,1
8,/content/Anomaly_Videos/Burglary/Burglary078_x264.mp4,150,0.2768231981920062,0.5319250530340565,-0.04361458735908191,-40.02359696899109,1
9,/content/Anomaly_Videos/Burglary/Burglary078_x264.mp4,180,0.25266095584618137,0.48289908227381895,-0.09493173892895206,-117.37004664130893,1
10,/content/Anomaly_Videos/Burglary/Burglary078_x264.mp4,210,0.23718541477506547,0.46243510240821156,-0.08352295247610736,137.26289938580882,1
11,/content/Anomaly_Videos/Burglary/Burglary078_x264.mp4,240,0.25185358857803103,0.4886048467361941,-0.07132088662090293,-30.684627990687,1
12,/content/Anomaly_Videos/Burglary/Burglary078_x264.mp4,270,0.2499092210839393,0.48178806848883143,-0.05801111484430214,-24.296078906068466,1
13,/content/Anomaly_Videos/Burglary/Burglary078_x264.mp4,300,0.2435225475748237,0.4638753769081679,-0.0826019768698624,-58.80047898054282,1
14,/content/Anomaly_Videos/Burglary/Burglary062_x264.mp4,5666,1.070770751351118,0.9667266420203,-3.1400937011076357,-48.15383380281593,1
15,/content/Anomaly_Videos/Burglary/Burglary062_x264.mp4,5696,0.7496219522198759,0.36411909409425525,3.120073658407705,6.895829128129241,1
16,/content/Anomaly_Videos/Burglary/Burglary062_x264.mp4,5816,0.9173791388600477,0.5082969802308642,-3.1353806015650427,3.8997743812174352,1
17,/content/Anomaly_Videos/Burglary/Burglary062_x264.mp4,5846,1.1272925897603039,0.6794891516906851,-3.120675539631261,8.969886402497883,1
18,/content/Anomaly_Videos/Burglary/Burglary062_x264.mp4,9296,0.5325208743253382,0.23194666053754917,-3.1107476536179854,-24.201873402059448,1
19,/content/Anomaly_Videos/Burglary/Burglary062_x264.mp4,9326,0.13300842486146133,0.0738295749630909,2.67575618214151,2.5215577480507303,1
0,/content/Anomaly_Videos/Normal/Normal_Videos_656_x264.mp4,225,0.735845020236031,0.5545355678259757,3.10065303968127,-7.618989241766081,2
1,/content/Anomaly_Videos/Normal/Normal_Videos_656_x264.mp4,255,0.9088148062851216,1.0812240178734658,3.1400429443361673,-36.38085102695281,2
2,/content/Anomaly_Videos/Normal/Normal_Videos_656_x264.mp4,285,0.7753669237203498,0.6833155776485988,3.1334192133587093,14.824872291330854,2
3,/content/Anomaly_Videos/Normal/Normal_Videos_656_x264.mp4,315,0.8088962302405139,0.6402096964216482,3.1138709719314366,9.637621457684677,1
4,/content/Anomaly_Videos/Normal/Normal_Videos_656_x264.mp4,375,0.8484789426226047,0.9921037254716513,-3.1002213681684316,40.79272825818219,1
5,/content/Anomaly_Videos/Normal/Normal_Videos_656_x264.mp4,405,0.6194796902941103,0.323290333258847,3.1068661535070174,4.1055902879679875,1
6,/content/Anomaly_Videos/Normal/Normal_Videos_656_x264.mp4,435,0.5056632418975844,0.8417398147999167,-3.0657425763507598,8.559503359479788,3
7,/content/Anomaly_Videos/Normal/Normal_Videos_656_x264.mp4,465,0.561889382215009,0.6879037135220427,3.019254313810171,6.457258172045015,3
8,/content/Anomaly_Videos/Normal/Normal_Videos_656_x264.mp4,495,0.4941208004808492,0.6118131247631032,3.0541246210933437,5.349503823150925,3
9,/content/Anomaly_Videos/Normal/Normal_Videos_656_x264.mp4,525,0.6025122337196028,0.6872828235884827,2.980592215309174,7.104642315021669,3
10,/content/Anomaly_Videos/Normal/Normal_Videos_656_x264.mp4,615,0.7769284308570676,0.6437940246500856,-3.124977769562982,-10.288929648862053,2
11,/content/Anomaly_Videos/Normal/Normal_Videos_656_x264.mp4,645,0.7227082725896118,0.5622046392646034,-3.0899158578183803,151.22536826050683,2
12,/content/Anomaly_Videos/Normal/Normal_Videos_656_x264.mp4,765,0.8161746142778171,1.048475615553666,-2.9818023967966742,-79.19368752420681,3
13,/content/Anomaly_Videos/Normal/Normal_Videos_656_x264.mp4,795,1.4863015315266999,2.072255604225239,-3.0987121816048986,52.39101850406472,3
14,/content/Anomaly_Videos/Normal/Normal_Videos_656_x264.mp4,825,0.3192720582198147,0.1471173740743556,-3.0087292169128568,0.8744924506275603,3
15,/content/Anomaly_Videos/Normal/Normal_Videos_656_x264.mp4,855,0.8974902912937766,1.0417177249356468,2.986278206660245,11.340062758420755,4
16,/content/Anomaly_Videos/Normal/Normal_Videos_656_x264.mp4,885,1.0759945899506307,1.5739682977855953,-3.1294850757348542,12.734788314165948,3
17,/content/Anomaly_Videos/Normal/Normal_Videos_656_x264.mp4,915,0.7404467424329221,1.2567798163111237,-3.054522625930744,9.594993302789337,3
18,/content/Anomaly_Videos/Normal/Normal_Videos_656_x264.mp4,945,1.2622632936003721,1.3811110903384298,3.1161593366714264,14.829909093971668,2
19,/content/Anomaly_Videos/Normal/Normal_Videos_656_x264.mp4,975,1.0442690144874334,0.818537714871538,-3.0672175139502267,9.74462206375665,4
20,/content/Anomaly_Videos/Normal/Normal_Videos_656_x264.mp4,1005,1.4052913544701877,1.4289671940987538,-3.0009478209869593,671.9949341941002,2
21,/content/Anomaly_Videos/Normal/Normal_Videos_656_x264.mp4,1035,1.2661082806098436,1.5861313019855865,-2.9366069209402315,-17.73017660157602,1
22,/content/Anomaly_Videos/Normal/Normal_Videos_656_x264.mp4,1155,0.01589033112979668,0.0369468078425577,2.369623782910625,3.075930427524102,3
23,/content/Anomaly_Videos/Normal/Normal_Videos_656_x264.mp4,1185,0.09666577635750455,0.1555054983519433,0.1702921789826978,7.5387363487078485,5
24,/content/Anomaly_Videos/Normal/Normal_Videos_656_x264.mp4,1245,0.0017446065959805979,0.009754072485372007,-0.2910084726062333,-3.867515443640087,4
25,/content/Anomaly_Videos/Normal/Normal_Videos_656_x264.mp4,1275,0.12802614129549367,0.10758847543076866,-0.013115143198176759,6.274803560447949,2
26,/content/Anomaly_Videos/Normal/Normal_Videos_656_x264.mp4,1455,0.6861246427850326,0.5837349364105565,-3.1390118735941317,-9.635312368317347,5
27,/content/Anomaly_Videos/Normal/Normal_Videos_656_x264.mp4,1485,0.8873330593760084,0.938171426095872,-3.1091546618349084,12.492503389535505,3
28,/content/Anomaly_Videos/Normal/Normal_Videos_656_x264.mp4,1515,0.8710656113069476,0.7027701529784913,-3.0951705382293975,249.06055460230655,3
29,/content/Anomaly_Videos/Normal/Normal_Videos_656_x264.mp4,1545,0.8500428973352214,0.8671347685778432,-3.096939854164344,-113.36658650910549,1
30,/content/Anomaly_Videos/Normal/Normal_Videos_892_x264.mp4,30,0.3042125462110654,0.34539378467001236,3.1131705162848036,120.96580933672107,1
31,/content/Anomaly_Videos/Normal/Normal_Videos_892_x264.mp4,60,0.2958668237836274,0.37627195497183946,-0.09302392579282528,-18.486738091598628,1
32,/content/Anomaly_Videos/Normal/Normal_Videos_892_x264.mp4,150,0.3323218339742076,0.35260779057061564,-0.05575493581798281,-48.40942583803984,1
33,/content/Anomaly_Videos/Normal/Normal_Videos_892_x264.mp4,180,0.19065692107987817,0.2190237194110012,0.11548203232662382,44.74081954051162,2
34,/content/Anomaly_Videos/Normal/Normal_Videos_892_x264.mp4,210,0.22671004216659693,0.41475989539572156,-0.11314988323663137,-22.571552978852257,1
35,/content/Anomaly_Videos/Normal/Normal_Videos_892_x264.mp4,240,0.29450059454458755,0.5031122250236384,-0.008840761449438931,37.663579527386815,1
36,/content/Anomaly_Videos/Normal/Normal_Videos_892_x264.mp4,270,0.1441998056370967,0.27286969732424937,0.026785027559746502,11.783222017676282,1
37,/content/Anomaly_Videos/Normal/Normal_Videos_892_x264.mp4,300,0.1136661500409729,0.24914363849114043,0.03156683170910554,16.70638144680966,1
38,/content/Anomaly_Videos/Normal/Normal_Videos_892_x264.mp4,330,0.37747530572328536,0.507129268965191,0.0770018057186457,37.70604081326992,1
39,/content/Anomaly_Videos/Normal/Normal_Videos_892_x264.mp4,360,0.4145628015776093,0.5703772255542554,0.05222590279318942,393.05602212291393,1
40,/content/Anomaly_Videos/Normal/Normal_Videos_892_x264.mp4,390,0.47249018773339174,0.5679130922507752,0.0055238219196495865,-144.04717844008138,1
41,/content/Anomaly_Videos/Normal/Normal_Videos_892_x264.mp4,420,0.432309428186778,0.5739593906801915,-0.06886259952591546,-170.91658985924673,1
42,/content/Anomaly_Videos/Normal/Normal_Videos_892_x264.mp4,450,0.29672914751663226,0.2727623974350214,-0.04884704207088019,-130.00180842718103,1
43,/content/Anomaly_Videos/Normal/Normal_Videos_892_x264.mp4,480,0.015835321369823983,0.051267240730305086,0.1508637447857217,-4.590987838037503,1
44,/content/Anomaly_Videos/Normal/Normal_Videos_892_x264.mp4,510,0.3156971450219009,0.4221604954904132,-3.1343950814173054,-19.520812451966606,1
45,/content/Anomaly_Videos/Normal/Normal_Videos_892_x264.mp4,540,0.022896356343002265,0.11045405423933825,-0.23923183128358222,-6.185409340804868,1
46,/content/Anomaly_Videos/Normal/Normal_Videos_892_x264.mp4,630,0.24636682510740993,0.3305189302534961,-3.079848205626016,-94.11543788848824,1
47,/content/Anomaly_Videos/Normal/Normal_Videos_892_x264.mp4,690,0.03813937235990248,0.07013195863490483,-0.3718264733618315,-4.3774901772987445,1
48,/content/Anomaly_Videos/Normal/Normal_Videos_892_x264.mp4,900,0.13145563274384667,0.14030595684850838,-0.1265104450648614,10234.536278843932,1
49,/content/Anomaly_Videos/Normal/Normal_Videos_892_x264.mp4,930,0.08853222946941872,0.07507284050818205,-0.18018785821828592,-16.457986657859376,1
50,/content/Anomaly_Videos/Normal/Normal_Videos_892_x264.mp4,960,0.27621197602169056,0.29538099627915165,-0.09151824502048023,-103.27003442293355,1
51,/content/Anomaly_Videos/Normal/Normal_Videos_892_x264.mp4,990,0.348914836408502,0.4690856339606979,0.017997939037562406,-306.74894774928146,1
52,/content/Anomaly_Videos/Normal/Normal_Videos_892_x264.mp4,1020,0.2507526569133431,0.4202898748725801,0.005428567647310548,-69.60528718856362,1
53,/content/Anomaly_Videos/Normal/Normal_Videos_892_x264.mp4,1050,0.23526862537641935,0.3166360585378952,0.046817483921183095,-331.54038241770655,1
54,/content/Anomaly_Videos/Normal/Normal_Videos_892_x264.mp4,1080,0.2027082808056026,0.34576698052134597,-0.005896007082416697,202.77570322547587,1
55,/content/Anomaly_Videos/Normal/Normal_Videos_892_x264.mp4,1110,0.15330513034699028,0.1482551510811308,0.01955562007877736,-11.629730883931105,1
56,/content/Anomaly_Videos/Normal/Normal_Videos_892_x264.mp4,1140,0.19643019940641607,0.17974298672649022,0.05550068496182909,-29.638965568440984,1
57,/content/Anomaly_Videos/Normal/Normal_Videos_892_x264.mp4,1170,0.3587344822136685,0.5112073946798186,0.08085773533193487,119.11995668528566,1
58,/content/Anomaly_Videos/Normal/Normal_Videos_892_x264.mp4,1200,0.3291152844932987,0.4921742616695928,0.061909402879718176,172.50175268804378,1
59,/content/Anomaly_Videos/Normal/Normal_Videos_892_x264.mp4,1230,0.34434718157865435,0.47483473889088906,-0.016285028971045206,-31.921418554337166,1
60,/content/Anomaly_Videos/Normal/Normal_Videos_892_x264.mp4,1260,0.329037045673012,0.4904706923669661,-0.022842124632280723,-24.14931076558983,1
61,/content/Anomaly_Videos/Normal/Normal_Videos_892_x264.mp4,1290,0.3131457175893699,0.5072225843290783,-0.03469280643546693,-43.15809073759699,1
62,/content/Anomaly_Videos/Normal/Normal_Videos_892_x264.mp4,1320,0.31135145669575676,0.46950644857289153,-0.047208263045552624,-40.70322959596685,1
63,/content/Anomaly_Videos/Normal/Normal_Videos_892_x264.mp4,1350,0.3632278764060469,0.5323660120445952,-0.0016741194978212883,263.46183225069393,1
64,/content/Anomaly_Videos/Normal/Normal_Videos_892_x264.mp4,1380,0.3410056815568121,0.34153181621547296,-0.029041635409312035,24.692432554284117,1
65,/content/Anomaly_Videos/Normal/Normal_Videos_892_x264.mp4,1410,0.29723338768616125,0.43075004049983473,3.0706649802974546,16.715516656970152,1
66,/content/Anomaly_Videos/Normal/Normal_Videos_892_x264.mp4,1440,0.40293103304908895,0.49444066218951876,3.1363620556165497,100.58856512509809,1
67,/content/Anomaly_Videos/Normal/Normal_Videos_892_x264.mp4,1530,0.018274704531556246,0.03836236042134811,0.7734420484381725,5.52631173765865,1
68,/content/Anomaly_Videos/Normal/Normal_Videos_892_x264.mp4,1560,0.2677986435652932,0.49049612443831997,-0.102132807957015,-113.94965800345585,1
69,/content/Anomaly_Videos/Normal/Normal_Videos_892_x264.mp4,1590,0.41477290163361324,0.6581885638354882,-0.06486581259351994,-35.92154955042736,1
70,/content/Anomaly_Videos/Normal/Normal_Videos_417_x264.mp4,3,0.5197848360706214,0.5415425128069773,-0.02760809711441708,26.35776906007341,2
71,/content/Anomaly_Videos/Normal/Normal_Videos_417_x264.mp4,33,0.4401338035650463,0.47615326649796597,-0.00409428279654321,-5.431659430693748,2
72,/content/Anomaly_Videos/Normal/Normal_Videos_417_x264.mp4,63,0.5158632194347674,0.558765904138072,-0.006078896811114256,45.61906931112882,2
73,/content/Anomaly_Videos/Normal/Normal_Videos_417_x264.mp4,93,0.538500213037126,0.5920322419711197,0.008322605767523247,123.59887512149699,2
74,/content/Anomaly_Videos/Normal/Normal_Videos_417_x264.mp4,123,0.5242239223314249,0.5993124428688541,0.004774084556312755,102.87708014957053,2
75,/content/Anomaly_Videos/Normal/Normal_Videos_417_x264.mp4,153,0.07599748702681904,0.41065097192053324,2.9199709578798894,6.966159042879091,2
76,/content/Anomaly_Videos/Normal/Normal_Videos_417_x264.mp4,183,0.3888460711532385,0.468230436212469,-0.0760625394659192,28.755932550866508,2
77,/content/Anomaly_Videos/Normal/Normal_Videos_417_x264.mp4,213,0.4782789257712495,0.737190495457884,0.17637145617626854,14.56303168994216,2
78,/content/Anomaly_Videos/Normal/Normal_Videos_417_x264.mp4,243,0.5377703210674276,0.8822038508436815,0.11348911632728463,62.716845038204994,2
79,/content/Anomaly_Videos/Normal/Normal_Videos_417_x264.mp4,273,0.556721530751994,1.0384395554732069,0.11688829362649124,101.9040319427136,2
80,/content/Anomaly_Videos/Normal/Normal_Videos_417_x264.mp4,303,0.5645603723875564,0.9174331296895807,0.10291261632822962,47.729122449836915,2
81,/content/Anomaly_Videos/Normal/Normal_Videos_417_x264.mp4,333,0.5032381536502064,0.7661408288208913,0.014493097575274288,-529.9624874885428,2
82,/content/Anomaly_Videos/Normal/Normal_Videos_417_x264.mp4,363,0.49603073022061517,0.7094876236234237,0.08959068424506937,44.241033810524584,2
83,/content/Anomaly_Videos/Normal/Normal_Videos_417_x264.mp4,393,0.43825218080648504,0.6689348203060972,-0.3432317216448249,-10.292409561057829,2
84,/content/Anomaly_Videos/Normal/Normal_Videos_417_x264.mp4,453,0.19471388683214652,0.4382516626322012,-0.06131063921768104,5.869455004517911,2
85,/content/Anomaly_Videos/Normal/Normal_Videos_417_x264.mp4,483,0.5090785662317348,0.5616401150145195,-3.131156938626727,18.63589846182823,2
86,/content/Anomaly_Videos/Normal/Normal_Videos_417_x264.mp4,513,0.44283497403269284,0.588315506160407,3.0905544054863,109.08092216478215,2
87,/content/Anomaly_Videos/Normal/Normal_Videos_417_x264.mp4,543,0.5653436736469895,0.5612625499338441,3.0540890566113843,64.21193236058868,3
88,/content/Anomaly_Videos/Normal/Normal_Videos_417_x264.mp4,573,0.15123286066672056,0.11882799016052897,-0.12677598678854826,5.552159640427633,4
89,/content/Anomaly_Videos/Normal/Normal_Videos_417_x264.mp4,603,0.2792301186079216,0.3475438014930822,3.030245339045418,8.702920408712092,2
90,/content/Anomaly_Videos/Normal/Normal_Videos_417_x264.mp4,633,0.546075932267709,0.6554385963831372,3.0805140434907825,30.07859872057964,2
91,/content/Anomaly_Videos/Normal/Normal_Videos_417_x264.mp4,663,0.2401919721902208,0.07365865821674826,-3.0407396610237227,37.14642356536493,2
92,/content/Anomaly_Videos/Normal/Normal_Videos_417_x264.mp4,693,1.9001829998155166,2.4048219408215545,-0.03373495535938454,-447.4560502917048,3
93,/content/Anomaly_Videos/Normal/Normal_Videos_417_x264.mp4,723,0.5721233404705112,0.7288362961469679,0.01820317319447689,245.21405304411118,4
94,/content/Anomaly_Videos/Normal/Normal_Videos_417_x264.mp4,753,0.4586576201364133,0.3900745185960253,3.084257006085768,122.5811878059027,3
95,/content/Anomaly_Videos/Normal/Normal_Videos_417_x264.mp4,783,0.28700556910871644,0.11207933014994112,-3.122845012287268,9.894024430476263,2
96,/content/Anomaly_Videos/Normal/Normal_Videos_417_x264.mp4,813,0.3787097021054959,0.4161839690712944,-0.005789262549726232,15.2248894392423,2
97,/content/Anomaly_Videos/Normal/Normal_Videos_417_x264.mp4,843,0.3209262194311401,0.2189484462776857,0.09482871905702757,20.6243739778062,2
98,/content/Anomaly_Videos/Normal/Normal_Videos_417_x264.mp4,873,0.5046676390101801,0.493640609265942,0.030231069548011885,-88.64109863886367,2
99,/content/Anomaly_Videos/Normal/Normal_Videos_417_x264.mp4,903,0.5122670770824896,0.6049290355534702,-0.02024476089712714,20.60724123580654,2
100,/content/Anomaly_Videos/Normal/Normal_Videos_417_x264.mp4,933,0.4147345403999232,0.7141260373956272,0.07493093377811809,20.972504928651603,2
101,/content/Anomaly_Videos/Normal/Normal_Videos_417_x264.mp4,963,0.786827076740295,1.1213818637309527,-0.20634156460444142,-24.92028089962668,2
102,/content/Anomaly_Videos/Normal/Normal_Videos_417_x264.mp4,993,0.7368120612005876,1.3635682659541195,-0.06630616723457013,115.3731444915814,2
103,/content/Anomaly_Videos/Normal/Normal_Videos_417_x264.mp4,1023,0.6975529746365622,1.081816081285421,-0.1289165961303709,-25.812513074171456,2
104,/content/Anomaly_Videos/Normal/Normal_Videos_417_x264.mp4,1053,0.7792675931378926,1.1572010500579575,-0.05831585693931426,5230.22951838609,2
105,/content/Anomaly_Videos/Normal/Normal_Videos_352_x264.mp4,57,0.13528043630326322,0.18266139383895316,-0.07581737055786703,-121.10690427778405,1
106,/content/Anomaly_Videos/Normal/Normal_Videos_352_x264.mp4,117,0.24328545337423477,0.347239469564798,0.22103814643849856,38.92240911718084,2
107,/content/Anomaly_Videos/Normal/Normal_Videos_352_x264.mp4,207,0.3794144135695706,0.46362408243874575,0.06822427484768434,25.67340009597139,2
108,/content/Anomaly_Videos/Normal/Normal_Videos_352_x264.mp4,237,0.33931472568058896,0.49264022536081464,0.0452764061141643,26.00160905768731,2
109,/content/Anomaly_Videos/Normal/Normal_Videos_352_x264.mp4,267,0.2990419127890545,0.3249805277311732,-0.03296800251259619,64.86625870916176,1
110,/content/Anomaly_Videos/Normal/Normal_Videos_352_x264.mp4,297,0.38115593118513025,0.43383750923831294,-0.01336232660699982,72.23398834299127,1
111,/content/Anomaly_Videos/Normal/Normal_Videos_352_x264.mp4,327,0.4215221363452045,0.18094056312351825,0.008817744750176751,8.547139279286482,2
112,/content/Anomaly_Videos/Normal/Normal_Videos_352_x264.mp4,357,0.4001822437998709,0.391267753191339,0.10903796398707077,33.36086278390287,1
113,/content/Anomaly_Videos/Normal/Normal_Videos_352_x264.mp4,1887,0.135062890494543,0.17043125184415134,-0.05234167379920872,25.66660017000938,2
114,/content/Anomaly_Videos/Normal/Normal_Videos_352_x264.mp4,1917,0.003327377501937529,0.00815136376100583,0.501316773729714,0.7328620604423585,3
115,/content/Anomaly_Videos/Normal/Normal_Videos_352_x264.mp4,1947,0.01318590979690575,0.033856291422966964,0.1827991080433772,5.250592194212145,2
116,/content/Anomaly_Videos/Normal/Normal_Videos_352_x264.mp4,1977,0.004591004556250903,0.07772270746490022,2.6548287492279434,17.448625103616166,2
117,/content/Anomaly_Videos/Normal/Normal_Videos_352_x264.mp4,2007,0.06111737246770872,0.026106867252415882,0.05204423812523315,8.33485030546061,3
118,/content/Anomaly_Videos/Normal/Normal_Videos_352_x264.mp4,2037,0.24829011112286095,0.2489706926338607,0.05918767581058958,-197.82780023149448,2
119,/content/Anomaly_Videos/Normal/Normal_Videos_352_x264.mp4,2067,0.21566377788720792,0.2607393999616191,-0.25747910886219605,-19.087118410308157,2
120,/content/Anomaly_Videos/Normal/Normal_Videos_352_x264.mp4,2097,0.16978766481953494,0.0897203696164299,-0.28055678856198324,-12.293440435257601,2
121,/content/Anomaly_Videos/Normal/Normal_Videos_352_x264.mp4,2127,0.05531590392390318,0.04928355967351387,-0.09123614546926657,14.344417714365074,2
122,/content/Anomaly_Videos/Normal/Normal_Videos_352_x264.mp4,2157,0.3544851668134753,0.48850697248269925,0.0454282345608364,103.962592217169,1
123,/content/Anomaly_Videos/Normal/Normal_Videos_352_x264.mp4,2187,0.3701498849155772,0.4941404385648397,0.05912699805713983,-29.461436315986585,1
124,/content/Anomaly_Videos/Normal/Normal_Videos_352_x264.mp4,2217,0.3004222527130174,0.4890427287592944,-0.0012637771792616249,-411.91733783287367,1
125,/content/Anomaly_Videos/Normal/Normal_Videos_352_x264.mp4,2247,0.24233035883818296,0.264378191870454,-0.22502532198210987,-5.503572590024215,3
126,/content/Anomaly_Videos/Normal/Normal_Videos_352_x264.mp4,2277,0.43611923083818077,0.5538370865038207,0.06186756580332672,80.2480756296823,2
127,/content/Anomaly_Videos/Normal/Normal_Videos_352_x264.mp4,2307,0.19688657087917444,0.3411503651246548,-0.1122906728628606,-209.84613617507608,1
128,/content/Anomaly_Videos/Normal/Normal_Videos_352_x264.mp4,2337,0.03814088134745615,0.16611779821924907,1.1580260973087082,7.987945492028539,1
129,/content/Anomaly_Videos/Normal/Normal_Videos_352_x264.mp4,2697,0.4042000208893892,0.48610446096899596,-1.4753121874879063,-1.7320715207353012,1
130,/content/Anomaly_Videos/Normal/Normal_Videos_352_x264.mp4,2727,0.45157138046624623,0.5244859875786844,-1.527889913904738,-1.693001101309076,1
131,/content/Anomaly_Videos/Normal/Normal_Videos_352_x264.mp4,2757,0.19481004435576388,0.11168475204696561,-2.004878436448452,-0.8461522036871436,1
132,/content/Anomaly_Videos/Normal/Normal_Videos_352_x264.mp4,2787,0.27340640352535506,0.11899551112418445,-1.5244557666153684,-0.7970671897744381,1
133,/content/Anomaly_Videos/Normal/Normal_Videos_352_x264.mp4,2817,0.05161131255656988,0.03771335542727121,-2.1977225952082784,-55.10102848455119,1
134,/content/Anomaly_Videos/Normal/Normal_Videos_352_x264.mp4,2847,0.15817539833958175,0.14485234317743087,-1.457136479041812,-1.5927789059013917,1
135,/content/Anomaly_Videos/Normal/Normal_Videos_352_x264.mp4,2877,0.1647266211204738,0.19743202387994147,-1.4008233084570938,-1.5619379838150134,1
136,/content/Anomaly_Videos/Normal/Normal_Videos_352_x264.mp4,2907,0.17244893764468497,0.1566919256489474,-1.490396258451832,-1.1821169304213592,1
137,/content/Anomaly_Videos/Normal/Normal_Videos_352_x264.mp4,3627,0.11019828308527498,0.3168482904328348,-1.4691173034338498,-3.9081627804282815,1
138,/content/Anomaly_Videos/Normal/Normal_Videos_352_x264.mp4,4047,0.5638773802858286,0.6746042663438464,-1.4132173136329165,-1.6978053738481504,1
139,/content/Anomaly_Videos/Normal/Normal_Videos_352_x264.mp4,4227,0.26927304316143463,0.4461210533030771,-0.029034092783589507,-103.27670373955787,1
140,/content/Anomaly_Videos/Normal/Normal_Videos_352_x264.mp4,4257,0.23720775718847564,0.2798806749187644,-0.0031126879584496467,217.83348196965545,2
141,/content/Anomaly_Videos/Normal/Normal_Videos_352_x264.mp4,4287,0.20609717833901925,0.24745222025764546,-0.06047233366197531,-32.07719857941412,2
142,/content/Anomaly_Videos/Normal/Normal_Videos_641_x264.mp4,60,0.3514197661686445,0.4546855116236241,0.06466420343657885,43.17856478507982,3
143,/content/Anomaly_Videos/Normal/Normal_Videos_641_x264.mp4,240,0.05098490320416986,0.07516360004127895,0.24891746658427594,4.642570729923648,1
144,/content/Anomaly_Videos/Normal/Normal_Videos_641_x264.mp4,330,0.2260030240536091,0.22960889495093872,-0.009893081347913377,5.653503026733455,3
145,/content/Anomaly_Videos/Normal/Normal_Videos_641_x264.mp4,390,0.243068090425339,0.2874427849799996,-3.089169137065592,-27.325519688870934,2
146,/content/Anomaly_Videos/Normal/Normal_Videos_641_x264.mp4,420,0.28049006488915557,0.33361263781197886,-0.07880847620164774,-28.727045093597916,3
147,/content/Anomaly_Videos/Normal/Normal_Videos_641_x264.mp4,450,0.1271524672189949,0.16677660257825672,2.9939522716225655,7.467931100824901,2
148,/content/Anomaly_Videos/Normal/Normal_Videos_641_x264.mp4,480,0.167567740628134,0.1828896836836241,3.0814426388862497,19.28112987596904,3
149,/content/Anomaly_Videos/Normal/Normal_Videos_641_x264.mp4,510,0.25074217779422836,0.2666027786041201,-0.07116401397383885,-44.16279857862286,4
150,/content/Anomaly_Videos/Normal/Normal_Videos_641_x264.mp4,540,0.23353614349232965,0.20132858497281841,-0.04031324631113313,-17.749890470968012,4
151,/content/Anomaly_Videos/Normal/Normal_Videos_641_x264.mp4,630,0.030224880967952134,0.2455498894652427,-1.6757792737389765,36.429297475677814,4
152,/content/Anomaly_Videos/Normal/Normal_Videos_641_x264.mp4,660,0.19172482098406154,0.2601940271393793,-0.006631800174637334,15.54754693374088,3
153,/content/Anomaly_Videos/Normal/Normal_Videos_641_x264.mp4,690,0.056575253090620954,0.08229284462747531,-3.12461815508757,-3.0033343837982547,2
154,/content/Anomaly_Videos/Normal/Normal_Videos_641_x264.mp4,720,0.23813170428616656,0.30343406002801504,-0.005272868932084331,1248.9643687063235,4
155,/content/Anomaly_Videos/Normal/Normal_Videos_641_x264.mp4,750,0.3590593583746146,0.40438456312475446,0.024357587784596547,59.39494653239753,4
156,/content/Anomaly_Videos/Normal/Normal_Videos_641_x264.mp4,780,0.4223816483369188,0.4809747235127925,0.04638680029767799,50.02552184614583,2
157,/content/Anomaly_Videos/Normal/Normal_Videos_641_x264.mp4,810,0.125793773656948,0.07273190237220864,0.17683869564954033,2.3091079054235566,2
158,/content/Anomaly_Videos/Normal/Normal_Videos_641_x264.mp4,840,0.3680633445379927,0.4885251121094118,0.03505726277832948,22.559498299754527,2
159,/content/Anomaly_Videos/Normal/Normal_Videos_641_x264.mp4,870,0.16575704254291268,0.33077283497432963,0.3463091183625686,15.96448712730482,1
160,/content/Anomaly_Videos/Normal/Normal_Videos_641_x264.mp4,900,0.9285565319234552,1.14531785370874,-0.016924126429028567,640.935457649364,2
161,/content/Anomaly_Videos/Normal/Normal_Videos_641_x264.mp4,930,0.5573460907356385,0.7997040930340713,-0.045721092032304435,51.99829591401075,2
162,/content/Anomaly_Videos/Normal/Normal_Videos_641_x264.mp4,960,1.1697168775196474,1.5079612151721045,0.013048743007705853,27.91053303403057,2
163,/content/Anomaly_Videos/Normal/Normal_Videos_641_x264.mp4,990,1.218875280394756,1.6960186823182397,0.03373576152453623,29.244903011893957,2
164,/content/Anomaly_Videos/Normal/Normal_Videos_641_x264.mp4,1020,0.363447679748437,0.6710508350225258,-0.07978512474330399,203.00704688508927,2
165,/content/Anomaly_Videos/Normal/Normal_Videos_641_x264.mp4,1050,0.10850407247374101,0.1045311222421231,0.2589502589047042,3.038296529833932,3
166,/content/Anomaly_Videos/Normal/Normal_Videos_641_x264.mp4,1080,0.11455080576893571,0.1594268140485245,-0.16987935719155509,73.65786620449784,3
167,/content/Anomaly_Videos/Normal/Normal_Videos_641_x264.mp4,1110,0.37621746968998937,0.4494206484349728,3.1063844669991165,-7.868300665728458,3
168,/content/Anomaly_Videos/Normal/Normal_Videos_641_x264.mp4,1140,1.119814444771923,1.2914833911998393,3.1185238330542018,-22.262917544294357,5
169,/content/Anomaly_Videos/Normal/Normal_Videos_641_x264.mp4,1170,0.3099908761450078,0.30467893173677274,3.0042433458787436,10.606344820969015,5
170,/content/Anomaly_Videos/Normal/Normal_Videos_641_x264.mp4,1200,0.2988622222736921,0.31941853070999277,3.096952483773018,18.7851543211633,3
171,/content/Anomaly_Videos/Normal/Normal_Videos_641_x264.mp4,1230,0.24133281340729343,0.15974014820693314,2.82995374450599,2.171128130290397,4
172,/content/Anomaly_Videos/Normal/Normal_Videos_641_x264.mp4,1260,0.19119571710520708,0.4096647176713846,-3.1387627686253183,-30.852044924236388,4
173,/content/Anomaly_Videos/Normal/Normal_Videos_641_x264.mp4,1320,0.1817361578682231,0.2526528788722513,0.10187909253808625,48.02098019555451,3
174,/content/Anomaly_Videos/Normal/Normal_Videos_641_x264.mp4,1470,0.2189935278340779,0.3058837136472434,0.052802603822913456,38.81390235590562,5
175,/content/Anomaly_Videos/Normal/Normal_Videos_641_x264.mp4,1560,0.06942887497223474,0.12071643859159231,-0.3161153865028933,-3.8419898984186136,2
176,/content/Anomaly_Videos/Normal/Normal_Videos_641_x264.mp4,1710,0.09051167559603346,0.19314296957067928,0.11793934926126265,19.25703965251715,4
177,/content/Anomaly_Videos/Normal/Normal_Videos_641_x264.mp4,1740,0.2936138361076213,0.3026737423372536,0.07945582555198272,43.892221246924606,4
178,/content/Anomaly_Videos/Normal/Normal_Videos_641_x264.mp4,1950,0.38988808236377553,0.4172144233310898,-0.07867706345333628,-12.653331583255543,4
179,/content/Anomaly_Videos/Normal/Normal_Videos_641_x264.mp4,1980,0.038380318175097836,0.11836155132157519,-3.083830859986359,-4.522545373133962,1
180,/content/Anomaly_Videos/Normal/Normal_Videos_641_x264.mp4,2160,0.1433104726907052,0.1526189474219276,0.11075174485372505,6.05126707265791,3
181,/content/Anomaly_Videos/Normal/Normal_Videos_641_x264.mp4,2190,0.2930307391388623,0.1653843573453041,-3.0055091867675405,-2.700106737889373,4
182,/content/Anomaly_Videos/Normal/Normal_Videos_641_x264.mp4,2280,0.12964216819511112,0.22748291516567765,0.2362435058599722,19.558809230948693,4
183,/content/Anomaly_Videos/Normal/Normal_Videos_641_x264.mp4,2310,0.2517138542121697,0.33498353390118796,0.08001666119510616,71.61678130734892,2
184,/content/Anomaly_Videos/Normal/Normal_Videos_641_x264.mp4,2340,0.2536417449945786,0.20708655374101792,0.021383274005460796,-13.604732778631849,4
185,/content/Anomaly_Videos/Normal/Normal_Videos_641_x264.mp4,2370,0.4001864858201005,0.47356794446430556,0.03258507912060801,22.169443570017716,1
186,/content/Anomaly_Videos/Normal/Normal_Videos_641_x264.mp4,2460,0.14542852465116957,0.18351598335163669,-0.06382089198773724,-22.081561272607267,2
187,/content/Anomaly_Videos/Normal/Normal_Videos_641_x264.mp4,2490,0.21699092819410212,0.32885997645903176,0.07475969645942866,39.607573977179484,4
188,/content/Anomaly_Videos/Normal/Normal_Videos_641_x264.mp4,2520,0.1828774113552778,0.26200732517689956,0.10864553991301625,20.388656147436812,1
189,/content/Anomaly_Videos/Normal/Normal_Videos_641_x264.mp4,2580,0.38393890584157236,0.6032452601295051,0.15298624109200135,13.123685177816052,3
190,/content/Anomaly_Videos/Normal/Normal_Videos_641_x264.mp4,2610,0.5122615424418121,0.6224203689211779,0.0724750720029476,-25.976967019553445,1
191,/content/Anomaly_Videos/Normal/Normal_Videos_641_x264.mp4,2640,0.3975915700277288,0.6359793239738866,0.21736620429338016,-7.972904351595015,3
192,/content/Anomaly_Videos/Normal/Normal_Videos_641_x264.mp4,2670,0.6251993386730105,1.142217231632276,1.2182536934295314,2.4579761679069896,3
193,/content/Anomaly_Videos/Normal/Normal_Videos_641_x264.mp4,2700,0.7307359057741639,1.6776499050428122,0.8501879712843875,3.971159075632709,4
194,/content/Anomaly_Videos/Normal/Normal_Videos_641_x264.mp4,2730,0.2376362463485252,0.6579699670542934,0.6603222955010272,-79.85087424251877,2
195,/content/Anomaly_Videos/Normal/Normal_Videos_641_x264.mp4,2760,1.5120434920152988,2.512920427397564,1.4706852242545516,2.553007779034312,3
196,/content/Anomaly_Videos/Normal/Normal_Videos_641_x264.mp4,2910,0.7306331778250783,1.1041855590019642,0.5450969199058386,3.939747923692408,4
197,/content/Anomaly_Videos/Normal/Normal_Videos_641_x264.mp4,2940,0.49203151367753517,0.7957375584985213,0.2345159761800041,8.88082557351206,3
198,/content/Anomaly_Videos/Normal/Normal_Videos_641_x264.mp4,2970,0.5367390824043655,0.8432687501209037,0.10800098972751535,15.365878046607367,2
199,/content/Anomaly_Videos/Normal/Normal_Videos_641_x264.mp4,3000,0.6875284575299293,0.8530891360892654,-0.0730758247790082,-51.161611093558534,3
200,/content/Anomaly_Videos/Normal/Normal_Videos_641_x264.mp4,3090,0.45573552195346667,0.6343710500012896,-3.1243635825237526,-56.04282141888933,3
201,/content/Anomaly_Videos/Normal/Normal_Videos_641_x264.mp4,3150,0.22040031846878716,0.03749941210718917,-0.04274602350402108,-8.902444273317219,3
202,/content/Anomaly_Videos/Normal/Normal_Videos_641_x264.mp4,3180,0.530436257118643,1.278549003401359,0.2702845513668367,18.493589723015784,3
203,/content/Anomaly_Videos/Normal/Normal_Videos_641_x264.mp4,3210,0.664100827459713,1.0648394759587487,-0.3032223894957378,66.94236148223393,2
204,/content/Anomaly_Videos/Normal/Normal_Videos_641_x264.mp4,3240,0.27028326203515857,0.314263473986005,-3.033804461393475,-17.127739104360778,3
205,/content/Anomaly_Videos/Normal/Normal_Videos_641_x264.mp4,3270,0.44049220297203334,0.5374564973397125,-3.1192904248910094,-36.82341691361928,4
206,/content/Anomaly_Videos/Normal/Normal_Videos_641_x264.mp4,3300,0.15071586081864094,0.19649527711895307,-0.14060601988149735,194.6530294759408,5
207,/content/Anomaly_Videos/Normal/Normal_Videos_641_x264.mp4,3330,0.38400095192681954,0.5455900297489228,-3.0810041738088314,117.85548272167205,2
208,/content/Anomaly_Videos/Normal/Normal_Videos_641_x264.mp4,3360,0.39750735393785563,0.5632948535700283,0.053143388046226696,44.535696957284536,3
209,/content/Anomaly_Videos/Normal/Normal_Videos_641_x264.mp4,3390,0.30213208546054265,0.3687711264149232,-0.03908502053049455,-216.56175723429143,3
210,/content/Anomaly_Videos/Normal/Normal_Videos_641_x264.mp4,3420,0.12447435510015342,0.12200189626700805,-3.1166776235636213,-76.42641199616115,3
211,/content/Anomaly_Videos/Normal/Normal_Videos_641_x264.mp4,3480,0.36620901044643134,0.5512026569394306,2.9896799087147627,67.80445376206475,4
212,/content/Anomaly_Videos/Normal/Normal_Videos_641_x264.mp4,3510,0.26924871282084806,0.39423031362193417,0.04673271800602972,93.23691825148448,4
0,/content/Anomaly_Videos/Explosion/Explosion027_x264.mp4,454,0.32586815080668224,0.4430928604091734,-0.03359477944902726,-84.45845880550058,2
1,/content/Anomaly_Videos/Explosion/Explosion027_x264.mp4,484,0.5593657131343832,0.7812591669801956,-0.09144305732615379,-31.924383599602532,1
2,/content/Anomaly_Videos/Explosion/Explosion027_x264.mp4,544,0.34319950659119997,0.2808064060401008,0.46786365726961987,3.141461795756445,2
3,/content/Anomaly_Videos/Explosion/Explosion027_x264.mp4,574,0.37352462470602343,0.5218716053576423,-0.08462980070845061,-19.249276460537455,3
4,/content/Anomaly_Videos/Explosion/Explosion027_x264.mp4,604,0.3794681881901259,0.5566595454485807,-0.13667065003227652,-17.744130885520864,2
5,/content/Anomaly_Videos/Explosion/Explosion027_x264.mp4,634,0.1970737100527865,0.4851857850336885,3.128320522035087,24.753807206643206,3
6,/content/Anomaly_Videos/Explosion/Explosion027_x264.mp4,664,0.3211710809414823,0.393635558424917,2.916608243820246,11.406986040275207,2
7,/content/Anomaly_Videos/Explosion/Explosion027_x264.mp4,694,0.5503958007275613,0.9473188108377294,0.1376497285393343,42.819657597024886,5
8,/content/Anomaly_Videos/Explosion/Explosion027_x264.mp4,724,0.5972452851025246,0.7694550724754886,-0.38579885378239076,-22.77690844504832,1
9,/content/Anomaly_Videos/Explosion/Explosion027_x264.mp4,754,0.7531527799725252,0.903336627215631,-0.07554703777453783,-32.99430855737003,2
10,/content/Anomaly_Videos/Explosion/Explosion043_x264.mp4,724,0.2130891670931191,0.2879167349306552,-3.06451813122355,-26.664833522562834,2
11,/content/Anomaly_Videos/Explosion/Explosion043_x264.mp4,754,0.16612070573272625,0.22919189069766785,-3.039834917819713,-32.1385592792244,2
12,/content/Anomaly_Videos/Explosion/Explosion043_x264.mp4,784,0.27150300600137556,0.3825581794662082,0.05571727687754947,-281.7498336027805,4
13,/content/Anomaly_Videos/Explosion/Explosion043_x264.mp4,814,0.10627060330956938,0.138502521720326,-0.36373533502473726,-9.61390946004084,3
14,/content/Anomaly_Videos/Explosion/Explosion043_x264.mp4,844,0.3027053844730454,0.4142311078522208,0.01983879001654859,-40.55889376736099,2
15,/content/Anomaly_Videos/Explosion/Explosion043_x264.mp4,1144,0.8889486138149875,0.7430383219104727,-3.074954403055115,-17.09954353577008,2
16,/content/Anomaly_Videos/Explosion/Explosion043_x264.mp4,3814,0.22451121808793764,0.17962370973597314,0.18127627817632977,20.335684631840614,1
17,/content/Anomaly_Videos/Explosion/Explosion043_x264.mp4,3844,0.2500493397909203,0.2904350804574966,0.11620695052519554,21.91855515886806,1
18,/content/Anomaly_Videos/Explosion/Explosion043_x264.mp4,3874,0.060902252935646876,0.09602273312937776,-0.005093143479787425,-79.81935959084014,1
19,/content/Anomaly_Videos/Explosion/Explosion043_x264.mp4,3904,0.03523049416373608,0.08803861834919835,-1.419662375219785,-3.716803682941107,1
20,/content/Anomaly_Videos/Explosion/Explosion043_x264.mp4,3934,0.06569434336484564,0.029573873161894873,-0.027233330072344596,-2.8913923129676213,1
21,/content/Anomaly_Videos/Explosion/Explosion043_x264.mp4,3964,0.20281344657158656,0.26891248736229434,-2.9326172254145844,-26.15156656904072,3
22,/content/Anomaly_Videos/Explosion/Explosion043_x264.mp4,3994,0.21144346011531595,0.29542627839218644,-3.091369037978262,-44.07616158665598,2
23,/content/Anomaly_Videos/Explosion/Explosion043_x264.mp4,4024,0.4702372145665502,0.5403531569625664,-3.0160637203686043,-60.521249033155925,3
24,/content/Anomaly_Videos/Explosion/Explosion043_x264.mp4,4054,0.5221061204012611,0.7120480008035124,-2.816320106547179,-8.538516292798581,2
25,/content/Anomaly_Videos/Explosion/Explosion043_x264.mp4,4684,0.15449737795899404,0.15219612949262154,-0.03703997795228359,-9.140929830535125,1
26,/content/Anomaly_Videos/Explosion/Explosion043_x264.mp4,4744,0.99741288289122,0.8469273527330734,-3.128366425696928,20.122417810141677,3
27,/content/Anomaly_Videos/Explosion/Explosion043_x264.mp4,4774,0.6556968956189853,0.5388421867333323,-3.140149958419903,6.470610965307008,1
28,/content/Anomaly_Videos/Explosion/Explosion043_x264.mp4,4804,1.2749042536562898,1.3808344791402203,3.135863414293916,21.190734254859837,3
29,/content/Anomaly_Videos/Explosion/Explosion043_x264.mp4,4834,1.0036426192556804,0.9901576729124418,3.0242979575684537,-3.536431338529393,1
30,/content/Anomaly_Videos/Explosion/Explosion043_x264.mp4,4984,0.8843940588803667,0.4895885991320079,0.009024180746782337,45.50252431238843,4
31,/content/Anomaly_Videos/Explosion/Explosion043_x264.mp4,5074,0.11046334022712195,0.022003721889779858,1.0330491566223046,2.3203019157624576,1
32,/content/Anomaly_Videos/Explosion/Explosion043_x264.mp4,5164,0.24600411278064083,0.4184206779809114,0.11252336751411267,20.104516093364285,4
33,/content/Anomaly_Videos/Explosion/Explosion043_x264.mp4,5194,0.20341251885432204,0.37194858409408665,0.0807262473460197,132.8605711538724,4
34,/content/Anomaly_Videos/Explosion/Explosion043_x264.mp4,5224,0.1506570914553351,0.25553099631935317,0.16785986509560777,15.63447718500187,4
35,/content/Anomaly_Videos/Explosion/Explosion043_x264.mp4,5254,0.027201700485550463,0.07547952775395711,0.2428443721766985,7.132501095252927,4
36,/content/Anomaly_Videos/Explosion/Explosion043_x264.mp4,5284,0.009837847331830756,0.016879244132086284,2.168205854628214,-16.35121685551961,2
37,/content/Anomaly_Videos/Explosion/Explosion043_x264.mp4,5644,1.0789066449520057,1.3701557062643681,3.0740658124694873,30.545277287407725,2
38,/content/Anomaly_Videos/Explosion/Explosion043_x264.mp4,5734,1.4599157320709053,1.4800233587719371,3.0800489969214047,43.23852037912746,5
39,/content/Anomaly_Videos/Explosion/Explosion043_x264.mp4,5764,0.9768891618850382,0.9134796628910726,3.0950092557241455,20.529065810707497,3
40,/content/Anomaly_Videos/Explosion/Explosion043_x264.mp4,5824,0.33766044862293393,0.5236356158167039,0.040825268494382706,-23.046033137066786,1
41,/content/Anomaly_Videos/Explosion/Explosion043_x264.mp4,5884,0.15446480896879536,0.4609767054121358,2.79283660503456,11.105279965405456,4
42,/content/Anomaly_Videos/Explosion/Explosion043_x264.mp4,5914,0.5825952368921877,0.5558281591882244,3.04732549818236,14.983785944994866,5
43,/content/Anomaly_Videos/Explosion/Explosion043_x264.mp4,5944,1.0806471399143314,1.0845345750574469,3.124437084946657,34.97299648108489,2
44,/content/Anomaly_Videos/Explosion/Explosion043_x264.mp4,5974,1.2268048537216012,1.4398154269877497,-3.0576122827330203,-10.667165263006554,7
45,/content/Anomaly_Videos/Explosion/Explosion043_x264.mp4,6004,0.7263026514235056,0.6381998442615717,-3.0612243946928444,-13.468603628716778,1
46,/content/Anomaly_Videos/Explosion/Explosion043_x264.mp4,6034,0.6631336034502332,0.27302136226087353,3.122263841418151,-6.061587178027508,4
47,/content/Anomaly_Videos/Explosion/Explosion043_x264.mp4,6064,0.7617936102571864,0.9079516061928273,-3.0619407150498197,-39.58180730641348,6
48,/content/Anomaly_Videos/Explosion/Explosion043_x264.mp4,6094,0.46970616529196585,1.1209907694822594,3.116943192674253,-12.812740504856153,5
49,/content/Anomaly_Videos/Explosion/Explosion043_x264.mp4,6124,0.4980005140505715,0.6644679423357818,-3.0772875419025545,-11.14632826870053,6
50,/content/Anomaly_Videos/Explosion/Explosion043_x264.mp4,6154,0.2892077293202455,0.15565349556297403,3.1051432526670837,-45.287833033575374,6
51,/content/Anomaly_Videos/Explosion/Explosion043_x264.mp4,6184,0.36697445089822567,0.5412803020281874,3.1021001706018296,17.475046405914842,4
52,/content/Anomaly_Videos/Explosion/Explosion043_x264.mp4,6214,0.6216619677189616,0.5688350685128258,1.2355514006341048,1.539564163716286,6
53,/content/Anomaly_Videos/Explosion/Explosion043_x264.mp4,6244,0.3249499179837309,0.9925099382685896,1.473650059965529,4.475693504205226,4
54,/content/Anomaly_Videos/Explosion/Explosion043_x264.mp4,6334,0.286971031881813,0.41545473524449583,0.12888343747568418,-31.270267210195197,6
55,/content/Anomaly_Videos/Explosion/Explosion043_x264.mp4,6364,0.49045244834613183,0.6002556266342507,-3.101256389035959,-30.458507906803828,9
56,/content/Anomaly_Videos/Explosion/Explosion043_x264.mp4,6394,0.052520520485437545,0.10844093235809094,1.4335397296471246,3.4416546495834335,5
57,/content/Anomaly_Videos/Explosion/Explosion043_x264.mp4,6424,0.04068575908416182,0.05421014138597296,1.954637421831666,1.412322209015473,9
58,/content/Anomaly_Videos/Explosion/Explosion043_x264.mp4,6454,0.3534226490711257,0.8603384502200706,3.108644672465136,37.28347770229668,7
59,/content/Anomaly_Videos/Explosion/Explosion043_x264.mp4,6484,0.20344824144528742,0.20990289306302123,2.7832078462542316,3.540403420121153,7
60,/content/Anomaly_Videos/Explosion/Explosion043_x264.mp4,6514,0.4630311303043749,0.3923215276759027,3.076370324433462,7.788501965765706,6
61,/content/Anomaly_Videos/Explosion/Explosion043_x264.mp4,6544,0.47560233562240173,0.6414387731231035,3.1317009708421146,33.58232516924885,5
62,/content/Anomaly_Videos/Explosion/Explosion043_x264.mp4,6574,0.306465290123823,0.14195649011880354,2.8033971443424486,8.691145850180757,4
63,/content/Anomaly_Videos/Explosion/Explosion043_x264.mp4,6604,0.3370073515192179,0.4954281765919854,-3.1029537054604295,14.5402575819985,7
64,/content/Anomaly_Videos/Explosion/Explosion043_x264.mp4,6634,0.38870783389477276,0.4212137368774829,-3.1369168253776123,118.55892838796083,5
65,/content/Anomaly_Videos/Explosion/Explosion043_x264.mp4,6694,0.6642964135751713,0.5808960774466264,1.2852857251549876,1.536268691681931,8
66,/content/Anomaly_Videos/Explosion/Explosion043_x264.mp4,6724,0.531278973634153,0.5232228098646416,1.1534414441881384,1.6951943248661854,1
67,/content/Anomaly_Videos/Explosion/Explosion043_x264.mp4,6844,1.5824777739514377,1.7954810987319008,3.1117954848084897,-99.03400801309276,9
68,/content/Anomaly_Videos/Explosion/Explosion043_x264.mp4,6874,2.090753616986389,1.9968214595324538,-3.04617671762496,-21.834439753279774,2
69,/content/Anomaly_Videos/Explosion/Explosion043_x264.mp4,7054,0.19392720312977899,0.3815962450350063,-3.1106734230215283,-19.260970326477956,7
70,/content/Anomaly_Videos/Explosion/Explosion043_x264.mp4,7084,0.43297439287500167,0.6401254863102472,-3.128472973306022,23.170543088403775,6
71,/content/Anomaly_Videos/Explosion/Explosion043_x264.mp4,7114,0.19121998546332997,0.3582854326923772,-0.11214653699655446,498.0142579895173,7
72,/content/Anomaly_Videos/Explosion/Explosion043_x264.mp4,7144,0.3685779829121364,0.4784944752218435,-3.1252582116586365,-68.26713238433523,2
73,/content/Anomaly_Videos/Explosion/Explosion043_x264.mp4,7234,1.2298349334985406,1.4761705874963595,3.0400102663975375,18.434734011446196,2
74,/content/Anomaly_Videos/Explosion/Explosion043_x264.mp4,7264,1.0042213770777584,0.8720982015047375,0.3118347748993939,8.30373473905946,2
75,/content/Anomaly_Videos/Explosion/Explosion043_x264.mp4,7294,0.9181351986394508,1.0295224567770938,3.0192161202125476,22.89922712691767,3
76,/content/Anomaly_Videos/Explosion/Explosion051_x264.mp4,720,0.10869344872162463,0.13679545214843278,0.0696583966762704,93.66391252140231,1
77,/content/Anomaly_Videos/Explosion/Explosion051_x264.mp4,780,0.05293080886738128,0.07347320402997524,-0.4629007686701741,-15.510428746797256,1
78,/content/Anomaly_Videos/Explosion/Explosion051_x264.mp4,810,0.1428328646700609,0.23667652602769904,-0.16956917311745573,-50.98316983329475,1
79,/content/Anomaly_Videos/Explosion/Explosion051_x264.mp4,840,0.20713796935046036,0.25698818846523475,-3.131849314846191,8.226681805194788,1
80,/content/Anomaly_Videos/Explosion/Explosion051_x264.mp4,2250,0.07071872904951096,0.12302712349864561,-2.8726345737454833,-5.8826705754138375,1
81,/content/Anomaly_Videos/Explosion/Explosion051_x264.mp4,2490,0.22432811606498984,0.4029543572827824,-3.032701490644275,154.39757662893192,1
82,/content/Anomaly_Videos/Explosion/Explosion051_x264.mp4,2520,0.2850969395491029,0.4797042795350589,-2.907784090043807,-32.31598558441104,1
0,/content/Anomaly_Videos/Arrest/Arrest037_x264.mp4,298,0.5663215381983073,1.0773935691344272,-2.917325948177371,-14.507850506314771,1
1,/content/Anomaly_Videos/Arrest/Arrest037_x264.mp4,328,0.47662771996042363,0.7119254155639215,-2.993178584129724,-17.11188001295938,1
2,/content/Anomaly_Videos/Arrest/Arrest037_x264.mp4,358,0.4786292521873722,0.7796053961818991,0.03632867411503156,-28.505566437633043,2
3,/content/Anomaly_Videos/Arrest/Arrest037_x264.mp4,388,0.3553014662921567,0.5303234398235636,-0.24182747267932364,-7.132648154565555,1
4,/content/Anomaly_Videos/Arrest/Arrest037_x264.mp4,418,0.34299448400514415,0.33885529623025973,-0.37859281922820814,-5.603285357660077,3
5,/content/Anomaly_Videos/Arrest/Arrest037_x264.mp4,448,0.4232808647804721,0.2924082234975342,-0.08223898964257859,-4.922058406770376,2
6,/content/Anomaly_Videos/Arrest/Arrest037_x264.mp4,478,0.21941027976166147,0.1309920428001988,-0.5801167798724061,-1.468673429027127,2
7,/content/Anomaly_Videos/Arrest/Arrest037_x264.mp4,508,0.4229704574961024,0.27099127431943265,-0.19044902259554855,-5.655049881801732,3
8,/content/Anomaly_Videos/Arrest/Arrest037_x264.mp4,538,0.5239376907005456,1.1815985212765527,0.06415516789420284,-15.37153714082351,2
9,/content/Anomaly_Videos/Arrest/Arrest037_x264.mp4,778,0.5005770015987437,0.7062202376415008,3.0631304873744924,90.98344010015504,1
10,/content/Anomaly_Videos/Arrest/Arrest037_x264.mp4,838,0.642264783677129,0.9445671291168347,-0.005116391387898808,-1224.4789639694811,3
11,/content/Anomaly_Videos/Arrest/Arrest037_x264.mp4,868,0.20263076696967863,0.27187604373310814,0.18613851339873522,-6.365051367441324,2
12,/content/Anomaly_Videos/Arrest/Arrest037_x264.mp4,898,0.3176245417112012,0.1565882316498573,-0.028417617985468917,-7.457503975404914,6
13,/content/Anomaly_Videos/Arrest/Arrest037_x264.mp4,928,0.7739738111151003,1.085670633479382,-0.0365111847977591,-323.72179864821425,4
14,/content/Anomaly_Videos/Arrest/Arrest037_x264.mp4,958,0.059692630856843516,0.12042927113169495,-2.6958519402637746,-6.401005848274301,2
15,/content/Anomaly_Videos/Arrest/Arrest037_x264.mp4,988,0.023119376864904728,0.062349413604516415,-0.08087367955646198,-11.379535533703862,2
16,/content/Anomaly_Videos/Arrest/Arrest037_x264.mp4,1048,0.37408681134181565,0.30256643189727694,-0.0783263067695171,-4.023970256179889,2
17,/content/Anomaly_Videos/Arrest/Arrest037_x264.mp4,1138,0.08568664140595206,0.23891761313400325,0.09873690160366257,45.229992572426816,6
18,/content/Anomaly_Videos/Arrest/Arrest037_x264.mp4,1168,0.8055781461415664,0.9641141077700763,-0.01918646169598517,13.978583915406675,3
19,/content/Anomaly_Videos/Arrest/Arrest037_x264.mp4,1318,0.805400224699165,0.3536771175756437,-0.02487724830179966,-3.4002123634171357,6
20,/content/Anomaly_Videos/Arrest/Arrest037_x264.mp4,1348,0.818938361451319,0.7372471741621144,-0.029593156420674907,532.9149110860583,3
21,/content/Anomaly_Videos/Arrest/Arrest037_x264.mp4,1378,0.24639507394737722,0.33564300873158853,-0.26145849918470243,-5.658497114436705,2
22,/content/Anomaly_Videos/Arrest/Arrest037_x264.mp4,1408,0.6298070224105942,1.0586753727289238,0.20959414018268735,87.51466033107502,4
23,/content/Anomaly_Videos/Arrest/Arrest037_x264.mp4,1438,0.7899671836200742,1.1276378138893137,-0.12432806437393534,-74.68860313221009,1
24,/content/Anomaly_Videos/Arrest/Arrest037_x264.mp4,1468,0.195967387987824,0.22602337598205915,0.012532617278090625,-14.398814541043821,5
25,/content/Anomaly_Videos/Arrest/Arrest037_x264.mp4,1498,0.26305349727300115,0.20665517985848503,3.126096957854804,135.5553266608536,3
26,/content/Anomaly_Videos/Arrest/Arrest037_x264.mp4,1528,0.07008867923476111,0.0818364198308302,-1.2599408215524672,-2.1820464895720444,8
27,/content/Anomaly_Videos/Arrest/Arrest037_x264.mp4,1678,0.43033731933506575,0.5111144723403145,2.8299845963357875,9.34233592575387,1
28,/content/Anomaly_Videos/Arrest/Arrest037_x264.mp4,1798,0.27422290816278183,0.3329895415264516,1.3218206388247962,2.4905278299796842,3
29,/content/Anomaly_Videos/Arrest/Arrest037_x264.mp4,1828,0.322975228754904,0.2470661669863209,1.1740526384731114,0.6898492080907591,6
30,/content/Anomaly_Videos/Arrest/Arrest037_x264.mp4,1858,0.22679536604983433,0.09118796392450597,1.412573296907756,0.460267712477314,3
31,/content/Anomaly_Videos/Arrest/Arrest037_x264.mp4,1888,0.5565205762440418,0.38465686525072446,1.547574215770617,1.029225987707971,4
32,/content/Anomaly_Videos/Arrest/Arrest037_x264.mp4,1918,0.4766104753395456,0.31267677397460775,1.3090187605305708,1.1716136152506706,3
33,/content/Anomaly_Videos/Arrest/Arrest037_x264.mp4,1948,0.7065279186064414,0.6096626863439973,1.3924234017795756,1.2439681860429712,4
34,/content/Anomaly_Videos/Arrest/Arrest037_x264.mp4,1978,0.5400812555258252,0.16092933707225165,1.3619252409943854,0.48530049439587625,3
35,/content/Anomaly_Videos/Arrest/Arrest037_x264.mp4,2008,0.726848201178574,0.9732510086397421,1.6026479003874423,2.2842477343034715,3
36,/content/Anomaly_Videos/Arrest/Arrest037_x264.mp4,2038,1.0725582411149361,0.8361775413387156,1.3478448018852793,1.1287658749884184,1
37,/content/Anomaly_Videos/Arrest/Arrest037_x264.mp4,2098,1.16585491891024,1.09106788434058,-2.9901004093359145,-46.77969447346546,3
38,/content/Anomaly_Videos/Arrest/Arrest037_x264.mp4,2128,1.0376434898137628,1.1479898685103365,2.9583376482526678,12.491130416894425,3
39,/content/Anomaly_Videos/Arrest/Arrest034_x264.mp4,320,0.24154607479913057,0.2956879057372875,0.03710538943905896,-304.9153239584567,2
40,/content/Anomaly_Videos/Arrest/Arrest034_x264.mp4,1070,0.3491725836277999,0.4635098452235351,-3.133353047778063,-61.01126869876718,2
41,/content/Anomaly_Videos/Arrest/Arrest034_x264.mp4,1700,0.37925919692787613,0.39425762949944854,-2.5946377440021853,-3.8285443295218244,1
42,/content/Anomaly_Videos/Arrest/Arrest034_x264.mp4,2720,0.8888246197217373,0.7477032089757573,3.1305959210201943,-176.60178850207538,1
43,/content/Anomaly_Videos/Arrest/Arrest034_x264.mp4,2750,0.7686219615296775,0.5154398227936954,3.1269062740980824,12.486780972777977,1
44,/content/Anomaly_Videos/Arrest/Arrest034_x264.mp4,2780,0.7407715578140331,0.7015068765985231,-3.098708039931026,18.08296263079589,2
45,/content/Anomaly_Videos/Arrest/Arrest034_x264.mp4,2960,1.5449245375338296,1.5150641727195049,-3.0696230905173545,-36.3284190661787,2
46,/content/Anomaly_Videos/Arrest/Arrest034_x264.mp4,2990,1.2855406553464712,0.6214948539704022,-3.1401888470162023,-32181.95496280832,1
47,/content/Anomaly_Videos/Arrest/Arrest034_x264.mp4,3020,0.24061564501457572,0.34548940437792397,1.542993420275091,2.4900412374017056,3
48,/content/Anomaly_Videos/Arrest/Arrest034_x264.mp4,3080,0.23434621619734064,0.17270100424116375,1.2583248501506012,1.168587046783708,1
49,/content/Anomaly_Videos/Arrest/Arrest034_x264.mp4,3110,0.17796196210259502,0.08465332337892559,2.802052909912014,1.9689471226173214,1
50,/content/Anomaly_Videos/Arrest/Arrest034_x264.mp4,3140,0.1361133412384454,0.22956581484025096,-0.04550500356215447,247.24604473059836,2
51,/content/Anomaly_Videos/Arrest/Arrest034_x264.mp4,3170,0.1527140146535982,0.23175749413006663,1.57652287474718,-4.399129663896106,3
52,/content/Anomaly_Videos/Arrest/Arrest034_x264.mp4,3200,0.4157029173819474,0.4300767318222052,1.03688810117148,1.4825187754549294,2
53,/content/Anomaly_Videos/Arrest/Arrest034_x264.mp4,3230,0.3982664709911673,0.3388426952480588,1.3904323378600183,1.5448411731941196,2
54,/content/Anomaly_Videos/Arrest/Arrest034_x264.mp4,3260,0.6286217344176647,0.7093574778092806,1.539691202478457,1.812409749364419,1
55,/content/Anomaly_Videos/Arrest/Arrest034_x264.mp4,3290,0.5973568969887285,0.6440275831619644,0.3209780007697541,2.7573949222713097,2
56,/content/Anomaly_Videos/Arrest/Arrest034_x264.mp4,3830,0.2655214546021343,0.4607309073686399,3.1170478552275798,191.09237094225446,1
57,/content/Anomaly_Videos/Arrest/Arrest034_x264.mp4,4760,0.4256047039596516,0.11988850532764968,-0.15674410899461572,-1.2218532981727008,1
58,/content/Anomaly_Videos/Arrest/Arrest034_x264.mp4,5060,1.1959046741365675,0.5188431463875591,3.093691644877919,-15.971068739200081,1
59,/content/Anomaly_Videos/Arrest/Arrest034_x264.mp4,5120,1.1069652458856172,0.8624093144861598,-0.08453562211634501,-17.16805811929413,3
60,/content/Anomaly_Videos/Arrest/Arrest034_x264.mp4,5150,1.1322691791961192,0.950836741595737,-0.07583627322289638,-8.958032939550415,1
61,/content/Anomaly_Videos/Arrest/Arrest034_x264.mp4,5180,0.7872412384635675,0.8322690894734825,-0.08540361469352459,-6.862878790548642,1
62,/content/Anomaly_Videos/Arrest/Arrest034_x264.mp4,5390,1.4567334111754884,1.7491190799543381,-3.1247641522814957,-32.1591451808597,1
63,/content/Anomaly_Videos/Arrest/Arrest034_x264.mp4,5420,1.2504166631792957,1.3508113018358014,3.101385330385225,17.714820252494643,3
64,/content/Anomaly_Videos/Arrest/Arrest034_x264.mp4,5450,0.748096585863265,0.2869616942052034,-3.0952277829724566,29.865377580002022,2
65,/content/Anomaly_Videos/Arrest/Arrest034_x264.mp4,5480,0.8249613522716656,0.41024087053263975,-3.096779994183522,21.536973042262662,2
66,/content/Anomaly_Videos/Arrest/Arrest034_x264.mp4,5510,1.2814857168932576,1.3791781268669425,3.0466703119315452,42.63167760505951,2
67,/content/Anomaly_Videos/Arrest/Arrest034_x264.mp4,5540,2.537664479359393,2.3290921979423422,-3.121030461765579,-96.56709754847036,1
68,/content/Anomaly_Videos/Arrest/Arrest034_x264.mp4,5570,2.594168924833914,2.178245292977168,-3.102619535868799,-43.898400675158356,3
69,/content/Anomaly_Videos/Arrest/Arrest034_x264.mp4,5630,1.0438623601573283,1.1102042104254632,-3.110813507958941,-27.26044592064796,2
70,/content/Anomaly_Videos/Arrest/Arrest034_x264.mp4,5660,0.7056125496992453,0.3674895450191196,3.0815817159156533,8.704478100667357,1
71,/content/Anomaly_Videos/Arrest/Arrest034_x264.mp4,5690,0.8665123191231794,1.0688778798640017,-3.12176396016815,892.356442481111,1
72,/content/Anomaly_Videos/Arrest/Arrest034_x264.mp4,5780,0.5987263471542239,0.3110478819223543,3.0468407172424805,5.65593630316826,2
73,/content/Anomaly_Videos/Arrest/Arrest034_x264.mp4,5810,1.593237224708038,2.220875334393024,3.01066266058998,-53.25641504179887,4
74,/content/Anomaly_Videos/Arrest/Arrest034_x264.mp4,5870,0.6250840293948657,1.235135989453437,2.653982861868119,16.068410294841918,4
75,/content/Anomaly_Videos/Arrest/Arrest034_x264.mp4,6080,0.3401396006690283,0.29870731838628783,3.022020340913738,3.161879105033996,3
76,/content/Anomaly_Videos/Arrest/Arrest034_x264.mp4,6110,0.19394244579516792,0.11071641365564226,3.0013528536033705,0.6231885510746143,2
77,/content/Anomaly_Videos/Arrest/Arrest034_x264.mp4,6170,1.767660308462527,2.3150863372522252,-3.126115723391473,-20.49602410652327,1
78,/content/Anomaly_Videos/Arrest/Arrest034_x264.mp4,6290,0.5212277635201463,0.43134904823954284,-1.567508176845481,-1.1756061248092833,1
79,/content/Anomaly_Videos/Arrest/Arrest034_x264.mp4,6320,0.5395752284513538,0.2733111298743136,-1.4217149596237026,-0.8869574771646088,1
80,/content/Anomaly_Videos/Arrest/Arrest034_x264.mp4,6380,0.9565215412139614,1.0449697494252428,-1.6105281900356423,-1.4620885643354506,1
81,/content/Anomaly_Videos/Arrest/Arrest034_x264.mp4,6470,1.267585292866462,1.3789645418936438,-3.1392925137955237,166.81461969089403,2
82,/content/Anomaly_Videos/Arrest/Arrest034_x264.mp4,6500,0.8299599639866158,1.1966418142428072,-0.16105830125206222,25.530955846978774,3
83,/content/Anomaly_Videos/Arrest/Arrest034_x264.mp4,6530,1.094450138297147,0.8816482889004581,3.0911869037365722,10.5822116348162,3
84,/content/Anomaly_Videos/Arrest/Arrest034_x264.mp4,6560,1.058653788812724,1.6274849166484853,3.070272085654965,8.780900265811162,2
85,/content/Anomaly_Videos/Arrest/Arrest034_x264.mp4,6590,0.8472762829043695,0.9430585713128177,3.0159737553205934,10.430113011137225,4
86,/content/Anomaly_Videos/Arrest/Arrest034_x264.mp4,6620,0.7276317029380556,0.3187143720073823,-3.0594625073291213,7.321840149900323,2
87,/content/Anomaly_Videos/Arrest/Arrest034_x264.mp4,6650,0.8999066280427684,0.7355036719718892,-3.1076119158407187,13.76375736553304,2
88,/content/Anomaly_Videos/Arrest/Arrest034_x264.mp4,6680,1.156470690645784,0.940671198490801,3.1262802956283497,13.40926259546742,3
89,/content/Anomaly_Videos/Arrest/Arrest034_x264.mp4,6710,0.9738542069624891,0.6319028334610642,3.074639571814549,13.08519213620939,3
90,/content/Anomaly_Videos/Arrest/Arrest034_x264.mp4,6740,1.3288010375383432,1.2951922875341424,-3.135476079317812,20.41277046986087,4
91,/content/Anomaly_Videos/Arrest/Arrest034_x264.mp4,6770,1.575893998401509,1.9346488971062796,3.1077178695345187,20.376480888454775,5
92,/content/Anomaly_Videos/Arrest/Arrest034_x264.mp4,6830,1.3189258921398976,1.499290208101442,3.1356358975389074,14.087094348119873,4
93,/content/Anomaly_Videos/Arrest/Arrest034_x264.mp4,6860,2.3109606878200113,1.956850716999921,3.120009538267207,20.946533353704822,2
94,/content/Anomaly_Videos/Arrest/Arrest034_x264.mp4,6890,0.9006521483065248,1.1220186207045255,-3.108903517247396,12.107823986722996,4
95,/content/Anomaly_Videos/Arrest/Arrest034_x264.mp4,6920,1.6315684145872162,1.3635607087804202,3.1171445343070165,28.326695435290326,3
96,/content/Anomaly_Videos/Arrest/Arrest034_x264.mp4,6980,0.6952219713809418,0.8012577753516038,3.049661355067458,11.368989229470282,3
97,/content/Anomaly_Videos/Arrest/Arrest034_x264.mp4,7010,0.8429220262424396,0.2502330246203672,-3.130195906265247,13.406483529798109,5
98,/content/Anomaly_Videos/Arrest/Arrest034_x264.mp4,7040,0.7861738135043399,0.3093431050345597,3.1224616401452976,6.578574151838856,1
99,/content/Anomaly_Videos/Arrest/Arrest034_x264.mp4,7070,0.43192250787237774,0.4348966571856336,1.6528780304580988,1.538704501572073,3
100,/content/Anomaly_Videos/Arrest/Arrest034_x264.mp4,7100,0.6818589621203461,0.6030437672081376,1.4981648378571968,1.3737838667758937,4
101,/content/Anomaly_Videos/Arrest/Arrest034_x264.mp4,7130,0.49886480947024797,0.5182040843217797,1.5730846502695413,1.1928942640609312,1
102,/content/Anomaly_Videos/Arrest/Arrest034_x264.mp4,7160,0.28696750515740255,0.19009549871421702,-3.1407233812300372,3.2259131642759877,5
103,/content/Anomaly_Videos/Arrest/Arrest034_x264.mp4,7190,0.2747301917338976,0.5085504425733519,-0.36206301792736323,-14.48237688191264,3
104,/content/Anomaly_Videos/Arrest/Arrest034_x264.mp4,7220,0.3723521062332162,0.4129053900087824,-0.09758926159546023,-12.957959536072517,1
105,/content/Anomaly_Videos/Arrest/Arrest034_x264.mp4,7250,0.6943242298155559,0.7148863638303831,0.022362569068154058,-13.5065348439605,3
106,/content/Anomaly_Videos/Arrest/Arrest034_x264.mp4,7280,0.706882412500458,0.49290407640176526,-0.01585206573324724,-7.821925031377261,2
107,/content/Anomaly_Videos/Arrest/Arrest034_x264.mp4,7310,0.6629441209983948,0.5668614743199879,0.0026170742384799307,-9.67782243618056,2
108,/content/Anomaly_Videos/Arrest/Arrest034_x264.mp4,7340,0.7753600687571325,0.7380698803299985,-0.07370661532241563,-14.004602852537161,4
109,/content/Anomaly_Videos/Arrest/Arrest034_x264.mp4,7370,0.4337456475346607,0.8506738891744872,0.4090674871110511,53.696704080848015,5
110,/content/Anomaly_Videos/Arrest/Arrest034_x264.mp4,7400,0.5416772025690941,0.778929390167306,-0.040559168775564015,-12.623417398463321,3
111,/content/Anomaly_Videos/Arrest/Arrest034_x264.mp4,7430,1.219914587804804,1.6411097374838917,-0.30509028265123816,-33.648702295455884,1
112,/content/Anomaly_Videos/Arrest/Arrest034_x264.mp4,7460,1.2469027236710406,1.5618881955287642,-0.017717459450791343,-26.969086802296655,1
113,/content/Anomaly_Videos/Arrest/Arrest034_x264.mp4,7490,1.1430620473849042,1.2712788397547885,-0.02594834911360441,-9.372685094065345,2
114,/content/Anomaly_Videos/Arrest/Arrest034_x264.mp4,7520,1.5989894132648366,1.675401487848386,-0.026005937215303893,-22.889940820556674,1
115,/content/Anomaly_Videos/Arrest/Arrest034_x264.mp4,7550,1.6545160239130026,1.661182158961569,-0.013014336407768145,-27.644762372433988,1
116,/content/Anomaly_Videos/Arrest/Arrest034_x264.mp4,7580,1.2432243854308105,1.3636978954025598,-0.028760820066067224,-25.764700619272695,1
117,/content/Anomaly_Videos/Arrest/Arrest034_x264.mp4,7610,1.728963186311606,1.5810744247195192,-0.009927288420640988,-30.875523944738283,2
118,/content/Anomaly_Videos/Arrest/Arrest034_x264.mp4,7760,1.1205023975620307,3.167443833900826,-0.47653989474329433,-40.30906337172184,1
119,/content/Anomaly_Videos/Arrest/Arrest034_x264.mp4,7790,5.054183603057424,4.446218037901845,-0.23090622862128543,-6.653808973428657,1
120,/content/Anomaly_Videos/Arrest/Arrest034_x264.mp4,7820,8.11145515320992,10.11873602893252,-0.0694323043164684,-18.752443413167292,3
121,/content/Anomaly_Videos/Arrest/Arrest034_x264.mp4,7940,0.19508145630516394,0.1986127618887183,2.9590969763721438,15.055310123023446,3
122,/content/Anomaly_Videos/Arrest/Arrest034_x264.mp4,8000,0.9473956417197716,0.7605160919860009,-0.06968201954215608,-61.70252986984257,4
123,/content/Anomaly_Videos/Arrest/Arrest034_x264.mp4,8030,1.3438758667549136,1.5971558420566614,0.03154325798913011,-63.61238960546224,2
124,/content/Anomaly_Videos/Arrest/Arrest034_x264.mp4,8090,1.0389211661698112,0.08955297986111425,0.0449029138487953,-10.612918785131978,5
125,/content/Anomaly_Videos/Arrest/Arrest034_x264.mp4,8120,4.381741419140661,4.660985056443497,0.026837885845554597,42.041402010677636,2
126,/content/Anomaly_Videos/Arrest/Arrest034_x264.mp4,8150,0.6030748064565693,1.4204351098782932,1.9000761373833093,3.2577469442798206,7
127,/content/Anomaly_Videos/Arrest/Arrest034_x264.mp4,8180,0.3909945667262895,0.5442816041126013,1.2567878930897998,2.1874998591475596,4
128,/content/Anomaly_Videos/Arrest/Arrest034_x264.mp4,8210,0.27044480431252965,0.2753906547868916,1.5428707072440784,1.7136196484048647,5
129,/content/Anomaly_Videos/Arrest/Arrest034_x264.mp4,8240,0.6684150239930587,0.5878085859870364,1.431013757084737,1.308192428236473,3
130,/content/Anomaly_Videos/Arrest/Arrest034_x264.mp4,8270,1.0176967809587842,0.9148664863183746,1.5256000442096025,1.3446157641238823,4
131,/content/Anomaly_Videos/Arrest/Arrest034_x264.mp4,8300,2.659632422687652,2.7345524909520904,-0.032050055544203156,-44.53016077699993,6
132,/content/Anomaly_Videos/Arrest/Arrest034_x264.mp4,8330,3.3760498792753393,4.945701009787901,-0.0037490431749979992,-1302.8371767464785,1
133,/content/Anomaly_Videos/Arrest/Arrest034_x264.mp4,8360,1.5124699511251163,1.741248420187509,-3.128352639743107,38.290229499340185,4
134,/content/Anomaly_Videos/Arrest/Arrest034_x264.mp4,8390,0.2243929027166336,0.48818853676296703,3.0081313035225077,22.41427355969765,10
135,/content/Anomaly_Videos/Arrest/Arrest034_x264.mp4,8420,1.1720649540486083,1.3903297353836455,3.047040356862291,21.590983569942264,4
136,/content/Anomaly_Videos/Arrest/Arrest034_x264.mp4,8450,0.5286749551338153,0.5825614940616658,3.1290486561423894,-21.26429271027459,4
137,/content/Anomaly_Videos/Arrest/Arrest034_x264.mp4,8480,0.3735772994477973,0.4759051902709988,1.7351148761698159,1.8324430061719017,7
138,/content/Anomaly_Videos/Arrest/Arrest034_x264.mp4,8510,0.9956163144275652,1.2045246218872565,3.137267871948171,22.06349162676633,5
139,/content/Anomaly_Videos/Arrest/Arrest034_x264.mp4,8540,0.12436216141917779,0.22262260727696043,0.41410185649999554,2.710716305552623,6
140,/content/Anomaly_Videos/Arrest/Arrest034_x264.mp4,8630,0.5105333431919307,0.6338823666023536,3.1368785143607343,27.22706167774087,4
141,/content/Anomaly_Videos/Arrest/Arrest034_x264.mp4,8690,2.392964793033137,3.9918794380735134,-0.00768722025795256,-73.86545210736922,4
142,/content/Anomaly_Videos/Arrest/Arrest034_x264.mp4,8720,1.7227769124024135,2.4021531503709763,-0.05273962713859124,-38.04176162814267,2
143,/content/Anomaly_Videos/Arrest/Arrest034_x264.mp4,8750,1.358322613038403,2.007190881307531,-0.0706732826315928,-26.480943961121113,1
144,/content/Anomaly_Videos/Arrest/Arrest034_x264.mp4,8810,1.1298991902295823,2.2085742336007113,-2.890162914798633,-15.12393315328762,7
145,/content/Anomaly_Videos/Arrest/Arrest034_x264.mp4,8900,1.2620377029107268,1.5556756937268559,0.060640708714586725,-63.653342030878825,2
146,/content/Anomaly_Videos/Arrest/Arrest034_x264.mp4,8930,1.3917225824176893,1.458006546164523,-0.13642115719637735,-14.10988444719177,3
147,/content/Anomaly_Videos/Arrest/Arrest034_x264.mp4,8990,0.8797169847691423,0.8922377561700604,-0.1449596737477073,-10.640861176239246,6
148,/content/Anomaly_Videos/Arrest/Arrest034_x264.mp4,9020,0.47884402494258416,0.22245311283918223,-0.16886607919608673,-2.0011366811448577,4
149,/content/Anomaly_Videos/Arrest/Arrest034_x264.mp4,9080,0.7914971969314005,0.5921297266391427,3.0894687622388592,-23.616854926840393,5
150,/content/Anomaly_Videos/Arrest/Arrest034_x264.mp4,9110,0.6395635065227862,0.37402694492410754,-3.138661499635945,8.001176683733604,1
151,/content/Anomaly_Videos/Arrest/Arrest034_x264.mp4,9260,0.40429702294949826,0.4430101388980209,-0.14543580750203836,-2.6450095339793944,7
152,/content/Anomaly_Videos/Arrest/Arrest034_x264.mp4,9290,2.511411575970843,2.8178479775551626,-0.1379800069739577,-15.207078561256628,3
153,/content/Anomaly_Videos/Arrest/Arrest034_x264.mp4,9320,4.036987007566919,6.706650113311472,-0.11231766497627191,-19.39705765723129,2
154,/content/Anomaly_Videos/Arrest/Arrest034_x264.mp4,9380,0.733336029812061,0.9647600441074076,-0.12194592317188913,-18.954656399056955,6
155,/content/Anomaly_Videos/Arrest/Arrest034_x264.mp4,9410,1.5488249543043713,1.790967478633514,0.020348127028426914,564.1230143813805,4
156,/content/Anomaly_Videos/Arrest/Arrest034_x264.mp4,9440,1.2573086720702975,1.7018128383668907,0.045385148083210834,-44.784984472610475,4
157,/content/Anomaly_Videos/Arrest/Arrest034_x264.mp4,9470,1.670115168141261,2.018816828663814,-3.099126037260198,-14.452351367454382,3
158,/content/Anomaly_Videos/Arrest/Arrest034_x264.mp4,9500,1.6560667917782166,1.5081679294401797,-3.0814175030198885,-18.78125583896756,6
159,/content/Anomaly_Videos/Arrest/Arrest034_x264.mp4,9530,0.9850924658708272,1.1819882245474247,3.1339112513057503,68.82808227480822,3
160,/content/Anomaly_Videos/Arrest/Arrest034_x264.mp4,9590,0.3258133861576941,0.21120214640020923,2.85076483636959,4.201837117090757,2
161,/content/Anomaly_Videos/Arrest/Arrest034_x264.mp4,9710,1.1022593570458286,0.9315175011324294,-3.091563900940084,-62.8029798521134,2
162,/content/Anomaly_Videos/Arrest/Arrest034_x264.mp4,9740,1.12640774098541,1.3359396485100588,-3.076814184087016,-559.0757806439843,2
163,/content/Anomaly_Videos/Arrest/Arrest034_x264.mp4,9860,0.6168954845258471,0.1867919631314147,2.9538839883162695,2.5685687715517562,4
164,/content/Anomaly_Videos/Arrest/Arrest034_x264.mp4,9890,0.10164342361708242,0.44891073821574135,3.0215422820230735,4.480842888076356,4
165,/content/Anomaly_Videos/Arrest/Arrest034_x264.mp4,9920,2.40047326325601,2.1550484373764496,3.128809542892885,115.4706662205929,3
166,/content/Anomaly_Videos/Arrest/Arrest034_x264.mp4,9950,2.1538148472338823,2.1691304818402872,3.103297273472472,12.802858139073438,2
167,/content/Anomaly_Videos/Arrest/Arrest034_x264.mp4,10130,1.1782969629445077,0.989309355165066,-0.00198406257904719,-79.76517532546966,3
168,/content/Anomaly_Videos/Arrest/Arrest034_x264.mp4,10160,2.059945871130709,2.281594238915187,0.014784094152197927,-37.176299046123845,3
169,/content/Anomaly_Videos/Arrest/Arrest034_x264.mp4,10190,1.0701248481105732,1.251935335516528,0.05118211509480263,-35.72666053531039,4
170,/content/Anomaly_Videos/Arrest/Arrest034_x264.mp4,10220,0.9886923752912856,0.8725861971915285,-0.007254982095942591,-23.083517989436878,1
171,/content/Anomaly_Videos/Arrest/Arrest034_x264.mp4,10250,1.2629603555226971,1.0592224375864177,0.052323752007380674,-23.66197216007106,4
172,/content/Anomaly_Videos/Arrest/Arrest034_x264.mp4,10490,1.783375184050017,1.8410188090883992,3.1210373943780767,-43.2607961894221,3
173,/content/Anomaly_Videos/Arrest/Arrest034_x264.mp4,10550,0.24222004524192958,0.033169659606234435,3.032373933741003,0.5494961607568706,3
174,/content/Anomaly_Videos/Arrest/Arrest034_x264.mp4,10580,0.494374217086663,0.5330771064099777,3.0148784282998995,11.024324946620032,2
175,/content/Anomaly_Videos/Arrest/Arrest034_x264.mp4,10670,2.3994437493744147,2.2277923681632466,-0.035453285468604955,105.9895467440628,5
176,/content/Anomaly_Videos/Arrest/Arrest034_x264.mp4,10700,1.0717944202963792,0.8872694664357307,0.10278896445914662,-8.36384897145116,3
177,/content/Anomaly_Videos/Arrest/Arrest034_x264.mp4,10730,4.323851265814446,3.0192176415168173,0.039124710275664276,-31.534231362828212,2
178,/content/Anomaly_Videos/Arrest/Arrest034_x264.mp4,10760,4.116673200761127,4.99580016859256,-0.02304858641120033,-24.80438918035107,3
179,/content/Anomaly_Videos/Arrest/Arrest034_x264.mp4,10970,0.3233026553191645,0.028676003655824022,3.0328906641888147,0.4049345151767687,2
180,/content/Anomaly_Videos/Arrest/Arrest034_x264.mp4,11150,1.3053217198922689,1.7610455880766585,-1.4462465380920608,-1.9993609325381343,1
181,/content/Anomaly_Videos/Arrest/Arrest034_x264.mp4,11240,0.11333619889488501,0.18565316287971154,0.25220951693130395,2.090702496844291,1
182,/content/Anomaly_Videos/Arrest/Arrest034_x264.mp4,11270,0.40610450420587335,0.18995514275736694,0.07806740173590107,-13.215941065227877,8
183,/content/Anomaly_Videos/Arrest/Arrest034_x264.mp4,11300,0.37239193093417283,0.5696250893228374,0.4911444575406432,5.37562889288117,1
184,/content/Anomaly_Videos/Arrest/Arrest034_x264.mp4,11330,0.5517499653445539,0.509954531256951,3.0079294928457663,5.4988362468163805,5
185,/content/Anomaly_Videos/Arrest/Arrest034_x264.mp4,11450,1.4138085913095302,1.6504207889370512,3.100891956105606,21.240931632558794,4
186,/content/Anomaly_Videos/Arrest/Arrest034_x264.mp4,11480,0.6311780863763972,0.808277660004056,-0.020933382174723604,-35.63790074915537,4
187,/content/Anomaly_Videos/Arrest/Arrest034_x264.mp4,11600,0.4019046968094099,0.39719170483343347,-3.095224070492919,9.257397594714819,8
188,/content/Anomaly_Videos/Arrest/Arrest026_x264.mp4,24,0.23667434804189472,0.35650227956260183,-0.6979070739295714,-5.254580646468848,3
189,/content/Anomaly_Videos/Arrest/Arrest026_x264.mp4,54,0.23362756685984132,0.34472947958106487,-0.40183191113760236,-14.878272057837652,3
190,/content/Anomaly_Videos/Arrest/Arrest026_x264.mp4,84,0.43711672759380676,0.6423268088607574,-0.08452173740284932,-14.654905724701287,3
191,/content/Anomaly_Videos/Arrest/Arrest026_x264.mp4,114,0.19118856086068695,0.2509102416723692,-0.6079133954299366,-4.272032435354421,3
192,/content/Anomaly_Videos/Arrest/Arrest026_x264.mp4,144,0.375605319746723,0.644334626976841,-0.6557156689849697,-4.6635639400646625,3
193,/content/Anomaly_Videos/Arrest/Arrest026_x264.mp4,174,0.35078691772170756,0.6452039346032513,0.07344515833035749,24.164383976517254,3
194,/content/Anomaly_Videos/Arrest/Arrest026_x264.mp4,204,0.14525727360205343,0.3516543703171339,-2.7629496219215386,12.116630647081928,3
195,/content/Anomaly_Videos/Arrest/Arrest026_x264.mp4,264,0.40123414277445585,0.651386064500064,-1.1245963089365483,-1.9979452246531995,3
196,/content/Anomaly_Videos/Arrest/Arrest026_x264.mp4,294,0.28692915547565095,0.5020344523047406,-0.3332891414132155,-2.8375293247659066,3
197,/content/Anomaly_Videos/Arrest/Arrest026_x264.mp4,324,0.39815235569435375,0.5268453932513415,-0.5473141381828308,-3.3753088666432833,2
198,/content/Anomaly_Videos/Arrest/Arrest026_x264.mp4,384,0.1512941275409626,0.1430279367791193,-0.06053763840195346,-17.04389934922671,1
199,/content/Anomaly_Videos/Arrest/Arrest026_x264.mp4,414,0.1384888155809801,0.14298682786797726,-0.47934750437803325,-7.111116402930724,1
200,/content/Anomaly_Videos/Arrest/Arrest026_x264.mp4,474,0.3557674030322724,0.5472989797388822,-1.0702668055377385,-2.228518935701882,3
201,/content/Anomaly_Videos/Arrest/Arrest026_x264.mp4,504,0.4185778188669587,0.25156460724355845,-1.6425590731770496,-1.204797821394843,3
202,/content/Anomaly_Videos/Arrest/Arrest026_x264.mp4,534,0.21929533399621076,0.34039082566690554,-1.2817502574672872,-2.1902444045018354,3
203,/content/Anomaly_Videos/Arrest/Arrest026_x264.mp4,564,0.2060631681679153,0.16599159944780695,-2.1629287487459385,-1.6220700498008218,3
204,/content/Anomaly_Videos/Arrest/Arrest026_x264.mp4,594,0.12664192701145346,0.12331807456864564,-1.2981358083244272,-1.8805105751349074,3
205,/content/Anomaly_Videos/Arrest/Arrest026_x264.mp4,624,0.057231222143904664,0.2595748501543228,-1.674621599158413,-7.542908238949118,2
206,/content/Anomaly_Videos/Arrest/Arrest026_x264.mp4,654,0.2419821395888682,0.38110910999843345,-0.20862944536357098,-9.563620650061292,4
207,/content/Anomaly_Videos/Arrest/Arrest026_x264.mp4,684,0.26154056920696594,0.3584917327951144,-0.06708373311998443,-23.775801726382962,3
208,/content/Anomaly_Videos/Arrest/Arrest026_x264.mp4,714,0.36953484636557987,0.25627232104409126,-0.2269469949588478,-13.183625044777232,2
209,/content/Anomaly_Videos/Arrest/Arrest026_x264.mp4,804,0.33448274521552035,0.4896653862747273,-0.16995149505518964,-8.809946180087524,4
210,/content/Anomaly_Videos/Arrest/Arrest026_x264.mp4,834,0.31111166818001895,0.32619226480743424,-0.08016197816563679,-4.8195449270441175,2
211,/content/Anomaly_Videos/Arrest/Arrest026_x264.mp4,864,0.3022248567850723,0.5774782958619893,-0.18042118551397576,54.35483803185784,2
212,/content/Anomaly_Videos/Arrest/Arrest026_x264.mp4,894,0.40443208876770836,0.4426731356900387,0.13538743164046282,-19.650902568328902,3
213,/content/Anomaly_Videos/Arrest/Arrest026_x264.mp4,924,0.4223172821345847,0.7646960481347337,-0.09902435703248984,-515.6539700121714,2
214,/content/Anomaly_Videos/Arrest/Arrest026_x264.mp4,954,0.46586926758001895,0.34344129261247974,-0.23190604959959016,4.225633075784902,3
215,/content/Anomaly_Videos/Arrest/Arrest026_x264.mp4,984,0.06479622917304495,0.117138132167918,2.9864219519368564,-1.093040446335924,3
216,/content/Anomaly_Videos/Arrest/Arrest026_x264.mp4,1014,0.5228868717150856,0.49252027139511634,-0.1307170874365461,-6.429622194190382,4
217,/content/Anomaly_Videos/Arrest/Arrest026_x264.mp4,1044,0.46700838224176344,0.6356520061810812,0.2386891360200946,321.68409171492925,3
218,/content/Anomaly_Videos/Arrest/Arrest026_x264.mp4,1074,0.7909727344095887,0.6123600974894652,-0.051602662872033266,-6.084612374597752,3
219,/content/Anomaly_Videos/Arrest/Arrest026_x264.mp4,1104,0.984620713535671,1.1328181248060283,-0.08809592075095354,-10.392534410371187,3
220,/content/Anomaly_Videos/Arrest/Arrest026_x264.mp4,1134,3.0882987272567677,2.080970942326988,0.0007034521151636769,-14.838166063645144,2
221,/content/Anomaly_Videos/Arrest/Arrest026_x264.mp4,1164,2.9197901376743203,2.987532523687016,0.02965211152918495,-27.999882943105945,2
222,/content/Anomaly_Videos/Arrest/Arrest026_x264.mp4,1194,3.9201724109524814,3.9109530963479426,-0.037277291443860244,89.8164995719604,2
223,/content/Anomaly_Videos/Arrest/Arrest026_x264.mp4,1224,1.8665195789716889,0.9144462863444054,-0.0054151945448835314,-99.18965854451963,2
224,/content/Anomaly_Videos/Arrest/Arrest026_x264.mp4,1254,2.3807035315735408,3.7158849048554243,0.012794936440302577,-14.221379329200497,2
225,/content/Anomaly_Videos/Arrest/Arrest026_x264.mp4,1314,2.6734274655691994,2.217057579187241,0.0634901063533186,-85.71783371386897,3
226,/content/Anomaly_Videos/Arrest/Arrest026_x264.mp4,1344,0.3810108799137273,0.5143024126717565,0.03836124215051823,22.88482392383679,3
227,/content/Anomaly_Videos/Arrest/Arrest026_x264.mp4,1374,0.10233340424832808,0.32455673361048076,-0.4552088044591222,-5.113636270955199,1
228,/content/Anomaly_Videos/Arrest/Arrest026_x264.mp4,1464,0.4149338328589404,0.591141081657679,0.04983751563891014,-55.730261540267804,1
229,/content/Anomaly_Videos/Arrest/Arrest026_x264.mp4,1494,0.17610491578958457,0.22776438554791903,0.15573639035942874,5.298978399795759,1
230,/content/Anomaly_Videos/Arrest/Arrest026_x264.mp4,1554,0.4542546466331929,0.6072204603257619,-0.2465302263461947,-10.768607494555944,3
231,/content/Anomaly_Videos/Arrest/Arrest026_x264.mp4,1584,0.45974348932485,0.6457941078401468,-0.04393329669316208,-351.3629277066233,2
232,/content/Anomaly_Videos/Arrest/Arrest026_x264.mp4,1614,0.14486267376310832,0.2546310499893162,-0.479935483285177,7.549464055181695,2
233,/content/Anomaly_Videos/Arrest/Arrest026_x264.mp4,1644,0.44937072142260215,0.49571736268708233,-0.307115475378183,-6.063137547460743,2
234,/content/Anomaly_Videos/Arrest/Arrest026_x264.mp4,1794,0.6088820315396134,0.8136403032408625,-0.3124465465421109,-3.9609008954356386,1
235,/content/Anomaly_Videos/Arrest/Arrest026_x264.mp4,2004,0.405956863408176,0.4331440878150469,-0.19184953006168282,-8.034024512832202,1
236,/content/Anomaly_Videos/Arrest/Arrest026_x264.mp4,2034,0.1332109970544996,0.1680714507625464,-0.7293232513674628,-2.1640672978862603,2
237,/content/Anomaly_Videos/Arrest/Arrest026_x264.mp4,2064,0.4447870288484489,0.26268376748216554,0.20306338921174827,-9.500850048165125,2
238,/content/Anomaly_Videos/Arrest/Arrest026_x264.mp4,2094,1.0998373610874186,0.9303417811558766,0.2566024169065156,4.918351230199309,1
239,/content/Anomaly_Videos/Arrest/Arrest026_x264.mp4,2274,1.0904743590689734,1.051777943388369,-1.6009012441025332,-1.5277366935520473,2
240,/content/Anomaly_Videos/Arrest/Arrest026_x264.mp4,2304,0.3481418471295939,0.6082904271295401,-1.5703960426453316,-2.888416577918958,2
241,/content/Anomaly_Videos/Arrest/Arrest026_x264.mp4,2334,1.3404784611870373,1.9222889421372211,-1.5774891010168244,-2.069851130138014,1
242,/content/Anomaly_Videos/Arrest/Arrest026_x264.mp4,2364,0.3253620501084516,0.3914805563406404,-2.0595270987112793,-1.5877741626865538,1
243,/content/Anomaly_Videos/Arrest/Arrest026_x264.mp4,2394,0.8044688557191179,1.1044469256912837,-1.5145699082304016,-1.607596355590887,1
244,/content/Anomaly_Videos/Arrest/Arrest026_x264.mp4,2424,0.44191116412681725,0.6109122065347432,-1.509943613072197,-2.203330865331492,1
245,/content/Anomaly_Videos/Arrest/Arrest026_x264.mp4,2454,0.3863198073182832,0.4400319852072062,-1.6088485414079883,-1.7168052851078517,1
246,/content/Anomaly_Videos/Arrest/Arrest026_x264.mp4,2514,0.35762405965001,0.20325011929816234,-1.9857845218834371,-0.7888397326645885,1
247,/content/Anomaly_Videos/Arrest/Arrest026_x264.mp4,2544,0.5824266894403777,0.5666693624911018,-1.833224320321813,-1.1505792928297924,1
248,/content/Anomaly_Videos/Arrest/Arrest026_x264.mp4,2574,0.33141050079172957,0.2430629426635575,-1.8101519888232855,-1.0307550444075428,1
249,/content/Anomaly_Videos/Arrest/Arrest026_x264.mp4,2604,0.6320614338474979,0.5630132424212196,-1.5822635102884084,-1.426720148783465,1
250,/content/Anomaly_Videos/Arrest/Arrest026_x264.mp4,2694,0.7399884696767078,0.574922387086457,-1.800800071533354,-0.8099576615601851,1
251,/content/Anomaly_Videos/Arrest/Arrest026_x264.mp4,2724,1.226859794980976,1.0817583352106206,-1.618902912004139,-0.9115959221767047,1
252,/content/Anomaly_Videos/Arrest/Arrest026_x264.mp4,2754,1.676635500101454,0.5492573413648039,-1.6310037423914332,-0.7702163888565929,1
253,/content/Anomaly_Videos/Arrest/Arrest026_x264.mp4,2784,1.1781217997040414,0.5588081624462816,-1.6691155805228866,-0.8479516596014338,1
254,/content/Anomaly_Videos/Arrest/Arrest026_x264.mp4,2814,0.5998764992729138,0.50422906711812,-1.7570682168528524,-1.1797006155288468,1
255,/content/Anomaly_Videos/Arrest/Arrest026_x264.mp4,2844,0.8428566098145781,1.0580550208676625,-1.4232516637633468,-1.4958767300929343,2
256,/content/Anomaly_Videos/Arrest/Arrest026_x264.mp4,2874,0.7251832254686122,1.2505425110157227,-1.202059175322278,-2.0008642012795574,2
257,/content/Anomaly_Videos/Arrest/Arrest026_x264.mp4,2904,0.40696619736583906,0.3345973302927853,-1.6599120923322706,-1.0803110532174487,2
258,/content/Anomaly_Videos/Arrest/Arrest026_x264.mp4,2934,0.5286021588579509,0.9808434149664522,-1.4369369117099173,-2.4445559664790646,3
259,/content/Anomaly_Videos/Arrest/Arrest026_x264.mp4,2964,0.4032543120669434,0.6036268681078129,-2.031542374532888,-2.0879725353354908,2
260,/content/Anomaly_Videos/Arrest/Arrest026_x264.mp4,2994,0.5182915189091857,0.7854697114396014,0.19671108642305912,17.788437929801738,2
261,/content/Anomaly_Videos/Arrest/Arrest026_x264.mp4,3024,0.35894894553233053,0.2822788519494523,-0.504925672638036,-6.506258169327293,4
262,/content/Anomaly_Videos/Arrest/Arrest026_x264.mp4,3054,2.2625513937066413,2.386154248469608,-0.03299678431610625,78.76361532870902,5
263,/content/Anomaly_Videos/Arrest/Arrest026_x264.mp4,3084,1.1084059359936855,0.778385757842765,-0.0011734805945835959,-26.576686673040122,2
264,/content/Anomaly_Videos/Arrest/Arrest026_x264.mp4,3114,0.273805738449414,0.47054584112584685,-0.09545568882545843,-33.84116141568383,2
265,/content/Anomaly_Videos/Arrest/Arrest026_x264.mp4,3144,0.9831663753280651,1.1879606340674822,0.07260641935477807,-218.59559705675954,2
266,/content/Anomaly_Videos/Arrest/Arrest026_x264.mp4,3174,0.057908547220527774,0.13717942874364975,0.12446134167289276,7.198068746466066,3
267,/content/Anomaly_Videos/Arrest/Arrest026_x264.mp4,3204,0.3083685876267025,0.5416177345559618,-0.3790519702258284,-29.174787685419204,2
268,/content/Anomaly_Videos/Arrest/Arrest026_x264.mp4,3264,0.29441947515329614,0.3628617306770582,-0.39914697429051615,-6.943466953290758,3
269,/content/Anomaly_Videos/Arrest/Arrest026_x264.mp4,3294,0.132347523424997,0.17365266925527043,-0.5319590046290444,-2.9476333114514945,2
270,/content/Anomaly_Videos/Arrest/Arrest026_x264.mp4,3324,1.935614640790841,1.62408418026813,0.004294249637513883,18.537858029427333,5
271,/content/Anomaly_Videos/Arrest/Arrest026_x264.mp4,3354,2.3549752817391987,1.8554723167533207,-0.01767045272542795,-16.199797169969568,1
272,/content/Anomaly_Videos/Arrest/Arrest026_x264.mp4,3414,0.4621998584839926,0.6379111171199536,-0.11735761372641453,-42.816683605736806,3
273,/content/Anomaly_Videos/Arrest/Arrest026_x264.mp4,3444,0.16838153365325703,0.376123240948102,-0.8704879570879598,-13.830675141492135,2
274,/content/Anomaly_Videos/Arrest/Arrest026_x264.mp4,3474,0.3474946487178173,0.5912547828725209,0.028259628132090434,-60.935003398767634,3
275,/content/Anomaly_Videos/Arrest/Arrest026_x264.mp4,3504,0.42434357864627714,0.5514737798763089,0.20934516425537444,-5.2889600845811575,1
276,/content/Anomaly_Videos/Arrest/Arrest026_x264.mp4,3534,0.5106990773253522,0.5307721058128996,0.07398413778437203,9.803927862800242,2
277,/content/Anomaly_Videos/Arrest/Arrest026_x264.mp4,3564,0.6781297564991318,0.8972046933443227,-0.01359198404598983,59.0270141658097,3
278,/content/Anomaly_Videos/Arrest/Arrest026_x264.mp4,3594,0.6989090318179496,0.8865787940621942,-0.12745068787403802,231.77393307468446,4
279,/content/Anomaly_Videos/Arrest/Arrest026_x264.mp4,3624,0.37510575684531117,0.569902205173847,0.2222188405448235,17.977573366697282,3
280,/content/Anomaly_Videos/Arrest/Arrest026_x264.mp4,3654,0.561628958377604,0.8007532924921005,0.2091555188219574,14.396315143477757,2
281,/content/Anomaly_Videos/Arrest/Arrest026_x264.mp4,3684,0.5151397295029009,0.8450527804716967,-0.09399761585671038,14.671839263112934,3
282,/content/Anomaly_Videos/Arrest/Arrest026_x264.mp4,3714,1.0541213430569125,1.6772845200667312,0.12821236942521363,7.29603871664516,1
283,/content/Anomaly_Videos/Arrest/Arrest026_x264.mp4,3774,0.8542813049176081,1.4892747680925165,0.08271813482025027,15.073457939173831,1
284,/content/Anomaly_Videos/Arrest/Arrest026_x264.mp4,3804,0.6490975922123331,0.7649877676086181,0.2429105817739393,13.641824613394403,3
285,/content/Anomaly_Videos/Arrest/Arrest026_x264.mp4,3834,0.7822558234246219,1.0087942678396806,0.15450880129452058,28.021217505866204,2
286,/content/Anomaly_Videos/Arrest/Arrest026_x264.mp4,3864,0.48916847081880577,0.8398055808290014,-0.033741734963146114,82.25197975209059,5
287,/content/Anomaly_Videos/Arrest/Arrest026_x264.mp4,3894,0.28247576516837075,0.2579594121623286,-0.4847394224084592,-5.231232838411346,6
288,/content/Anomaly_Videos/Arrest/Arrest026_x264.mp4,3924,1.1805634474320215,1.5775196829386267,0.15116693757167368,21.724103555222094,5
289,/content/Anomaly_Videos/Arrest/Arrest026_x264.mp4,3984,0.3567382197348579,0.41766722926703626,-0.04061262348499761,94.41628362146932,5
290,/content/Anomaly_Videos/Arrest/Arrest026_x264.mp4,4014,0.1780381180910513,0.1322817993404313,2.8635055895968042,2.5893818237433552,7
291,/content/Anomaly_Videos/Arrest/Arrest026_x264.mp4,4074,0.21216599393759186,0.2706975834832675,0.0796872440697678,11.778891421664227,6
292,/content/Anomaly_Videos/Arrest/Arrest026_x264.mp4,4104,0.11024866215416511,0.2355215660094236,0.22611233520646176,13.641638854225368,4
293,/content/Anomaly_Videos/Arrest/Arrest026_x264.mp4,4134,0.3434719996576755,0.42465444139734854,0.5643737060914878,5.3390341494046165,4
294,/content/Anomaly_Videos/Arrest/Arrest026_x264.mp4,4164,0.5519646763224293,0.7605339097443204,-0.15979991948872982,188.50948748068268,5
295,/content/Anomaly_Videos/Arrest/Arrest026_x264.mp4,4194,0.46033248441100383,0.7841943519745163,0.06862050012462513,-164.19476374122013,4
296,/content/Anomaly_Videos/Arrest/Arrest026_x264.mp4,4224,0.19774715645026997,0.052240428307054415,-0.054393968973580335,-55.471452508858626,5
297,/content/Anomaly_Videos/Arrest/Arrest026_x264.mp4,4254,1.2200178685369658,0.3428395188667163,-0.09163723403460043,-3.333951212441907,4
298,/content/Anomaly_Videos/Arrest/Arrest026_x264.mp4,4284,0.46180552251946905,0.7870036045175567,-0.09976989241792981,-36.56124900528777,4
299,/content/Anomaly_Videos/Arrest/Arrest026_x264.mp4,4314,0.560431648660179,0.7988002619799951,-0.21506841656318526,118.1365326430684,4
300,/content/Anomaly_Videos/Arrest/Arrest026_x264.mp4,4344,0.2897772813964622,0.24048711316967186,0.14423621568480097,-4.747045959554827,3
301,/content/Anomaly_Videos/Arrest/Arrest026_x264.mp4,4374,0.23370088168384803,0.4293258520594806,1.4550549695296642,2.577654680155968,3
302,/content/Anomaly_Videos/Arrest/Arrest026_x264.mp4,4464,0.3513406328757035,0.6802727047583441,0.011177058964095907,-74.20198884757896,4
303,/content/Anomaly_Videos/Arrest/Arrest026_x264.mp4,4494,0.23046837761953357,0.07700017951325737,-0.21043217022151336,-1.3203982956819285,6
304,/content/Anomaly_Videos/Arrest/Arrest026_x264.mp4,4524,0.15301669253946187,0.17479948299145215,-1.2214158697715294,-2.1078781286555683,5
305,/content/Anomaly_Videos/Arrest/Arrest026_x264.mp4,4554,0.6415865934509634,0.49625899447472865,0.04123776268234433,-8.180621941539126,4
306,/content/Anomaly_Videos/Arrest/Arrest026_x264.mp4,4584,0.3892761934379176,0.22347831550166233,0.046524722788941396,-6.712902433696319,5
307,/content/Anomaly_Videos/Arrest/Arrest026_x264.mp4,4614,0.18809704340583847,0.11821343706323713,-0.0481714455893358,-12.313997067629051,2
308,/content/Anomaly_Videos/Arrest/Arrest026_x264.mp4,4644,0.09613869942735005,0.24527658024925397,2.94850002906388,-1.31533869942908,5
309,/content/Anomaly_Videos/Arrest/Arrest026_x264.mp4,4674,0.515600556952496,0.6569289060410293,-0.164511927295692,-20.144094005618506,4
310,/content/Anomaly_Videos/Arrest/Arrest026_x264.mp4,4734,0.2653692724147508,0.3934197349330445,-0.7482387358061048,-1.6082429202057211,4
311,/content/Anomaly_Videos/Arrest/Arrest026_x264.mp4,4764,0.3477989771940865,0.4781133377277056,-1.1331345048309427,-1.5156674385773572,5
312,/content/Anomaly_Videos/Arrest/Arrest026_x264.mp4,4794,0.54199396679012,1.0437078197553071,-1.1262551223545025,-3.220066354769569,6
313,/content/Anomaly_Videos/Arrest/Arrest026_x264.mp4,4824,0.5311618101541339,1.1599308357754232,-1.3272401367506432,-2.7051735947906077,7
314,/content/Anomaly_Videos/Arrest/Arrest026_x264.mp4,4854,0.34745962009680925,0.5967576248464825,-0.8637544465559185,-4.410437624698093,4
315,/content/Anomaly_Videos/Arrest/Arrest026_x264.mp4,4884,0.4010760539459694,0.7021697209566841,-0.3006277258720517,-5.603287774909659,4
316,/content/Anomaly_Videos/Arrest/Arrest026_x264.mp4,4914,0.0798022177961891,0.27308374223823045,-0.6237233537311799,-1.9565751834163376,3
317,/content/Anomaly_Videos/Arrest/Arrest026_x264.mp4,4944,0.07475858229668728,0.37856708510389125,-1.4519831353788586,-6.121128945539254,2
318,/content/Anomaly_Videos/Arrest/Arrest026_x264.mp4,4974,0.9037747870563156,1.40338182307899,0.10755896908111072,12.834052838975014,4
319,/content/Anomaly_Videos/Arrest/Arrest026_x264.mp4,5004,0.5105180713630841,0.5763549679789264,-0.05814090234723735,-60.78241825462663,5
320,/content/Anomaly_Videos/Arrest/Arrest026_x264.mp4,5034,0.08846354029450657,0.21851352581557554,0.3974068781132879,1.7783817530214077,5
321,/content/Anomaly_Videos/Arrest/Arrest026_x264.mp4,5064,0.5850468152813505,0.4530854338490413,0.05849844197947117,39.70971801333708,5
322,/content/Anomaly_Videos/Arrest/Arrest026_x264.mp4,5094,0.4046848045440413,0.6015379936977625,0.09786873582323241,47.53847425020962,4
323,/content/Anomaly_Videos/Arrest/Arrest026_x264.mp4,5124,0.3823149623712393,0.5268135534364817,0.0017617224034023366,-45.82982348165657,3
324,/content/Anomaly_Videos/Arrest/Arrest026_x264.mp4,5154,0.2489704432492924,0.22239402747159429,-0.035779693595911995,-9.641370760272435,5
325,/content/Anomaly_Videos/Arrest/Arrest026_x264.mp4,5184,0.7235817055949875,0.37267077898048295,-0.03269678493964954,7.129003158194348,5
326,/content/Anomaly_Videos/Arrest/Arrest026_x264.mp4,5214,1.3159397866647118,0.6443960097655675,0.2066693101932942,15.350933231916027,4
327,/content/Anomaly_Videos/Arrest/Arrest026_x264.mp4,5304,0.08919577221661104,0.19916008491038267,0.011774752137643316,24.66961816780242,4
328,/content/Anomaly_Videos/Arrest/Arrest026_x264.mp4,5334,0.4959797856595803,0.6882222040331009,0.0238687705494478,88.95983306670111,5
329,/content/Anomaly_Videos/Arrest/Arrest026_x264.mp4,5364,0.4212144556071552,0.7219136815369586,-0.015153960664428411,61.48540126659779,5
330,/content/Anomaly_Videos/Arrest/Arrest026_x264.mp4,5394,0.2123217361248541,0.30286023105004195,-3.130424993603601,-14.071060792692629,5
331,/content/Anomaly_Videos/Arrest/Arrest026_x264.mp4,5424,0.0806656706662412,0.12649007273874754,-1.922179782195969,-6.348547737686891,5
332,/content/Anomaly_Videos/Arrest/Arrest026_x264.mp4,5454,0.4719428468126928,0.5349445493411124,-0.07120919725324747,7.0445806258641985,5
333,/content/Anomaly_Videos/Arrest/Arrest026_x264.mp4,5484,0.40334615766788345,0.46559511753900695,-0.09309096653022515,-18.03183253808243,4
334,/content/Anomaly_Videos/Arrest/Arrest026_x264.mp4,5514,0.24283007615927754,0.31027887276099464,-0.10080212211687704,-6.537722364338178,5
335,/content/Anomaly_Videos/Arrest/Arrest026_x264.mp4,5544,0.2461588687021759,0.37663826913390885,-0.21595154726996646,-9.065679215064348,5
336,/content/Anomaly_Videos/Arrest/Arrest026_x264.mp4,5574,0.19938929532941108,0.6196014329886131,-0.39776139990896026,-92.02456666601294,6
337,/content/Anomaly_Videos/Arrest/Arrest026_x264.mp4,5604,0.12773465029672285,0.14514481563200163,-0.7918670836386904,-4.382197721623845,5
338,/content/Anomaly_Videos/Arrest/Arrest026_x264.mp4,5634,0.35053296853696503,0.3749798328452326,-0.04323850346658833,-13.881395066886645,4
339,/content/Anomaly_Videos/Arrest/Arrest026_x264.mp4,5664,0.2820934326421233,0.46017215873497996,-0.29134251895608326,-7.083124799795816,1
340,/content/Anomaly_Videos/Arrest/Arrest026_x264.mp4,5694,0.29630443904522213,0.36984233340440015,0.0709390661578904,8.144410101907608,4
341,/content/Anomaly_Videos/Arrest/Arrest026_x264.mp4,5724,0.28772872640984604,0.4697014493514966,-0.4370621187695854,-7.955791084465783,2
342,/content/Anomaly_Videos/Arrest/Arrest026_x264.mp4,5754,0.4820243688706132,0.6128157942818595,-0.12050346757697347,-35.13787747395189,5
343,/content/Anomaly_Videos/Arrest/Arrest026_x264.mp4,5784,0.687498830283963,0.6408092017218247,0.04332057976083472,12.56635519646658,2
344,/content/Anomaly_Videos/Arrest/Arrest026_x264.mp4,5814,0.6869848406475537,0.812881343296832,0.0032882246732206574,145.29100929901244,1
345,/content/Anomaly_Videos/Arrest/Arrest026_x264.mp4,5874,0.20195418714659275,0.35493975541904854,-0.28312438465419343,-7.781885277882021,3
346,/content/Anomaly_Videos/Arrest/Arrest026_x264.mp4,5904,0.37977543153944665,0.47260362701265035,-0.13875442017309564,-17.366162769779116,2
347,/content/Anomaly_Videos/Arrest/Arrest026_x264.mp4,5964,0.3602518172746403,0.3929345529508099,2.880158226100185,9.85247160945975,4
348,/content/Anomaly_Videos/Arrest/Arrest026_x264.mp4,5994,0.811679869755393,1.2920803331267323,3.133622701110866,-26.789545487172344,4
349,/content/Anomaly_Videos/Arrest/Arrest026_x264.mp4,6024,0.5249954275008577,0.574038906512164,3.120115971644851,12.742187572879162,3
350,/content/Anomaly_Videos/Arrest/Arrest026_x264.mp4,6054,0.6746557503688501,0.7801249748570352,3.098038045622241,36.528548970067455,2
351,/content/Anomaly_Videos/Arrest/Arrest026_x264.mp4,6084,0.9799806400737552,1.334985271875255,3.057161771091621,245.27285758322614,4
352,/content/Anomaly_Videos/Arrest/Arrest026_x264.mp4,6384,0.6345314728633902,0.8585166623803664,3.0776210292525383,33.25457192742689,4
353,/content/Anomaly_Videos/Arrest/Arrest026_x264.mp4,6414,0.48828023040866414,0.8066923336829945,3.0025482067824787,-62.95346897571307,2
354,/content/Anomaly_Videos/Arrest/Arrest026_x264.mp4,6444,0.7820494492071961,1.1495680560271684,3.0123166915654185,34.76006326537701,4
355,/content/Anomaly_Videos/Arrest/Arrest026_x264.mp4,6474,0.73296017585413,0.9223950455284949,-3.13903599712813,84.97359358306919,3
356,/content/Anomaly_Videos/Arrest/Arrest035_x264.mp4,4163,1.018758794635286,1.2530243201107334,-1.3972796678932926,-1.7843980813544518,1
357,/content/Anomaly_Videos/Arrest/Arrest035_x264.mp4,4313,0.3988275373867291,0.43726225258795953,1.7012398446606902,1.7489891460086064,2
358,/content/Anomaly_Videos/Arrest/Arrest035_x264.mp4,4373,0.4259819787605457,0.8538301190344061,1.1147443848225815,2.4526061581373053,1
359,/content/Anomaly_Videos/Arrest/Arrest035_x264.mp4,4403,0.3993986298729201,0.3691574155190409,1.2590301495780325,1.2239435440811788,1
360,/content/Anomaly_Videos/Arrest/Arrest035_x264.mp4,4493,0.2080592401855947,0.08201975716999181,-0.17356668664444597,20.692679433210547,2
361,/content/Anomaly_Videos/Arrest/Arrest035_x264.mp4,4913,0.43412402562769337,0.6433222633895848,-1.0921295430263618,-2.697522371889779,3
362,/content/Anomaly_Videos/Arrest/Arrest035_x264.mp4,4943,0.5318691777195846,0.6928446457304956,-1.2627943928148682,-2.009773657773572,1
363,/content/Anomaly_Videos/Arrest/Arrest035_x264.mp4,4973,0.717508843284975,0.48733226340379476,-0.5713928519772101,-1.8047475809958464,2
364,/content/Anomaly_Videos/Arrest/Arrest035_x264.mp4,5003,1.2922152245416387,1.7177130476022164,-1.4191143848010124,-2.1162760316212124,1
365,/content/Anomaly_Videos/Arrest/Arrest035_x264.mp4,5033,0.1084919698947351,0.2618142077861321,-1.6556390811358257,-3.942829830857672,2
366,/content/Anomaly_Videos/Arrest/Arrest035_x264.mp4,5093,0.6635486805630888,0.6093061323838362,-0.11190428685437269,-5.997449405402868,2
367,/content/Anomaly_Videos/Arrest/Arrest035_x264.mp4,5123,1.7310588338315256,2.195041410253692,-0.07901589775923189,-12.057181616158408,5
368,/content/Anomaly_Videos/Arrest/Arrest035_x264.mp4,5273,0.8347702443788467,1.0261566554334522,-1.4986925729925984,-1.6493916050229267,4
369,/content/Anomaly_Videos/Arrest/Arrest035_x264.mp4,5303,1.160886496110919,1.9632948834829929,-0.13450690947843832,-24.99478102615608,3
370,/content/Anomaly_Videos/Arrest/Arrest035_x264.mp4,5333,0.45628241459874513,0.7583199471964351,0.3713033964600417,8.690610485173659,2
371,/content/Anomaly_Videos/Arrest/Arrest012_x264.mp4,9,0.27568678318083023,0.35140446168036626,0.01614380521052892,37.84293416805353,9
372,/content/Anomaly_Videos/Arrest/Arrest012_x264.mp4,39,0.2013449958589163,0.09806237584098848,3.0708275972922117,27.424341333824163,7
373,/content/Anomaly_Videos/Arrest/Arrest012_x264.mp4,69,0.3865421159950066,0.5111850699304922,0.03997563949207128,42.71153332602392,10
374,/content/Anomaly_Videos/Arrest/Arrest012_x264.mp4,99,0.23836463806605548,0.39328658002005457,0.0779468361489615,62.564929741829935,10
375,/content/Anomaly_Videos/Arrest/Arrest012_x264.mp4,129,0.198070289451263,0.3409284565751139,0.04919917306884974,59.65738080171996,10
376,/content/Anomaly_Videos/Arrest/Arrest012_x264.mp4,189,0.30522128866642856,0.24849905846047038,0.0238594483283693,-33.18334577311137,9
377,/content/Anomaly_Videos/Arrest/Arrest012_x264.mp4,219,0.2453437274766463,0.4091850180533742,0.023047774946152812,1663.6339347741084,11
378,/content/Anomaly_Videos/Arrest/Arrest012_x264.mp4,249,0.7632127227623707,0.6506980577373142,-0.026944157254057396,97.46885705367121,10
379,/content/Anomaly_Videos/Arrest/Arrest012_x264.mp4,279,0.4245772889488177,0.4139698464748674,-0.012448124468602457,36.52152312835262,2
380,/content/Anomaly_Videos/Arrest/Arrest012_x264.mp4,309,0.3842928401297736,0.07388214036980827,-0.25553347229446455,-1.9311996415453396,8
381,/content/Anomaly_Videos/Arrest/Arrest012_x264.mp4,339,0.4002794452176396,0.4396690041419462,3.120500787600103,6.699674345960195,11
382,/content/Anomaly_Videos/Arrest/Arrest012_x264.mp4,369,2.2963611443282446,2.0467631238349506,-2.9583660804161607,68.28519760221947,11
383,/content/Anomaly_Videos/Arrest/Arrest012_x264.mp4,399,0.484646719964784,0.6291974331168145,-0.02990973799299239,-144.27516834155222,6
384,/content/Anomaly_Videos/Arrest/Arrest012_x264.mp4,429,0.6448737057469327,0.7477438649354672,-0.16091466186116127,-26.228215391669647,8
385,/content/Anomaly_Videos/Arrest/Arrest012_x264.mp4,459,0.5712217763499507,0.7950214405851468,-3.068037412374895,-14.411157077768001,6
386,/content/Anomaly_Videos/Arrest/Arrest012_x264.mp4,519,0.3606317135751808,0.44330012577220984,0.007411070170226586,-67.93458012484273,11
387,/content/Anomaly_Videos/Arrest/Arrest012_x264.mp4,549,0.3416812296447978,0.38541159813664155,0.09724344584047909,-30.780559193246283,9
388,/content/Anomaly_Videos/Arrest/Arrest012_x264.mp4,579,0.5925108019611052,0.724798330234669,-3.0812601937226147,-21.99951178626339,14
389,/content/Anomaly_Videos/Arrest/Arrest012_x264.mp4,669,0.6391756612466996,1.0351326834231367,-0.04976610941836436,-79.7125050189088,7
390,/content/Anomaly_Videos/Arrest/Arrest012_x264.mp4,729,0.44691072207200194,0.7638840254520193,0.07178742319093341,67.36390024577408,12
391,/content/Anomaly_Videos/Arrest/Arrest012_x264.mp4,759,0.750471809407149,1.1301446514948328,1.7643639466540875,2.9881475867120355,11
392,/content/Anomaly_Videos/Arrest/Arrest012_x264.mp4,789,0.1317276352527168,0.0928856637705795,2.6401159316898695,1.790834675245334,10
393,/content/Anomaly_Videos/Arrest/Arrest012_x264.mp4,819,0.7376363515164688,0.843859291726424,3.055316461687126,-32.91931455554033,8
394,/content/Anomaly_Videos/Arrest/Arrest012_x264.mp4,849,0.05747519059447678,0.09301335946785803,-2.8627848050120934,2.170648455830337,13
395,/content/Anomaly_Videos/Arrest/Arrest012_x264.mp4,879,0.44469589262983833,0.517209697584463,-3.0448338794606635,-10.719443769026704,12
396,/content/Anomaly_Videos/Arrest/Arrest012_x264.mp4,909,0.5041044407326319,0.623705843174646,-0.0029615286027468426,94.76673082896205,11
397,/content/Anomaly_Videos/Arrest/Arrest012_x264.mp4,939,0.350240198861771,0.4458114994242808,0.37384480748670407,36.43992020230949,8
398,/content/Anomaly_Videos/Arrest/Arrest012_x264.mp4,999,0.38188138591271203,0.364192459585559,3.1197844279428373,6.115064301865497,12
399,/content/Anomaly_Videos/Arrest/Arrest012_x264.mp4,1029,0.2678293849513269,0.18977977963884407,2.9158074862635215,3.1876485265358583,6
400,/content/Anomaly_Videos/Arrest/Arrest012_x264.mp4,1059,0.3366112529871568,0.4289570185466891,-0.11111279965610689,-10.159384165100382,11
401,/content/Anomaly_Videos/Arrest/Arrest012_x264.mp4,1089,0.353374657056658,0.2970592869153191,-0.038601216420698414,-7.686561041769021,6
402,/content/Anomaly_Videos/Arrest/Arrest012_x264.mp4,1149,2.434559258469227,2.8897985347651685,1.4763218530474715,2.2785010264059182,6
403,/content/Anomaly_Videos/Arrest/Arrest012_x264.mp4,1179,0.04127398445934085,0.10199004410371956,-1.4520903976503683,-8.690641013442105,9
404,/content/Anomaly_Videos/Arrest/Arrest012_x264.mp4,1209,0.4509669664182057,0.8637262456977037,-1.3009210153737654,-2.6335233583573068,10
405,/content/Anomaly_Videos/Arrest/Arrest012_x264.mp4,1239,0.21658694794606462,0.2575395124204958,-0.17630463288548998,-28.764461321013098,3
406,/content/Anomaly_Videos/Arrest/Arrest012_x264.mp4,1299,0.482017503708083,0.5556663620468413,0.016020644912223946,-44.58196442061144,9
407,/content/Anomaly_Videos/Arrest/Arrest012_x264.mp4,1329,0.379993887189193,0.7744220382940661,-0.11433880029281,-44.80346289421715,5
408,/content/Anomaly_Videos/Arrest/Arrest012_x264.mp4,1389,0.5096525534053479,0.6878357994394244,-2.5630859508767214,-5.462523995514424,9
409,/content/Anomaly_Videos/Arrest/Arrest012_x264.mp4,1419,0.44313834061294965,0.7291661963619571,-2.752598692072398,-5.892984159067335,1
410,/content/Anomaly_Videos/Arrest/Arrest012_x264.mp4,1449,1.1286490868350203,1.310724482927559,2.9754097759834996,58.11730007179057,9
411,/content/Anomaly_Videos/Arrest/Arrest012_x264.mp4,1479,1.3065189741307581,1.679015381596266,-2.9903770618980645,-10.366222354344563,7
412,/content/Anomaly_Videos/Arrest/Arrest012_x264.mp4,1509,0.41473785069110813,0.5922778979254885,3.1276222791602217,-112.72702158302275,6
413,/content/Anomaly_Videos/Arrest/Arrest012_x264.mp4,1539,0.6813328442965344,0.6354654117290744,2.971872282532073,10.432794461242409,9
414,/content/Anomaly_Videos/Arrest/Arrest012_x264.mp4,1569,0.7475797506912794,0.5132415270875941,3.02804825770342,25.964894597062447,10
415,/content/Anomaly_Videos/Arrest/Arrest012_x264.mp4,1599,0.4970064622189933,0.2993180216278373,3.041120220079319,2.435384125940307,9
416,/content/Anomaly_Videos/Arrest/Arrest012_x264.mp4,1659,0.6074420044052202,0.5454442331254775,3.1365789188784863,14.132262566407153,9
417,/content/Anomaly_Videos/Arrest/Arrest012_x264.mp4,1689,0.7820118503794758,1.1445280601718921,1.5626556862917613,2.1943529032404405,6
418,/content/Anomaly_Videos/Arrest/Arrest012_x264.mp4,1719,1.0881732778978617,1.2235097828633472,2.965607533321332,76.04202317966495,8
419,/content/Anomaly_Videos/Arrest/Arrest012_x264.mp4,1749,2.8323503591046477,3.0410147748599026,3.130993800087163,22.999611293491178,9
420,/content/Anomaly_Videos/Arrest/Arrest012_x264.mp4,1779,1.1210731811347414,2.2807812465704282,2.9767794566356223,10.222601358001763,4
421,/content/Anomaly_Videos/Arrest/Arrest012_x264.mp4,1809,0.506210206544896,0.3290199741330154,3.056956163592044,16.520039906219548,5
422,/content/Anomaly_Videos/Arrest/Arrest012_x264.mp4,1839,0.3506201237697172,0.3008690888122805,2.8309649502566234,12.186970513015254,2
423,/content/Anomaly_Videos/Arrest/Arrest012_x264.mp4,1869,1.2726989357816658,1.875756367642152,-3.0936426839528544,-31.541316200553446,5
424,/content/Anomaly_Videos/Arrest/Arrest012_x264.mp4,1899,0.25424973595007455,0.36326178021172933,-1.9335546794939218,-1.8705431388664966,6
425,/content/Anomaly_Videos/Arrest/Arrest012_x264.mp4,1929,0.5236192818772542,0.4089539683866179,2.102715753995985,0.8867769024047105,5
426,/content/Anomaly_Videos/Arrest/Arrest012_x264.mp4,1959,0.7650263055676406,0.6815219789543404,3.0774011436461968,14.025506174517712,6
427,/content/Anomaly_Videos/Arrest/Arrest012_x264.mp4,1989,0.28017945741553946,0.4493545871371308,0.007227602804517529,50.44341009541772,1
428,/content/Anomaly_Videos/Arrest/Arrest012_x264.mp4,2019,0.6069972487662768,0.32094466141829703,3.1025719735563726,7.208175972462956,4
429,/content/Anomaly_Videos/Arrest/Arrest012_x264.mp4,2049,1.4179351765021475,1.1698249665915703,3.124929068888623,-30.89916203808009,4
430,/content/Anomaly_Videos/Arrest/Arrest012_x264.mp4,2079,2.1099496181534465,3.4332396152348714,-3.1325461935274386,44.84181064098055,9
431,/content/Anomaly_Videos/Arrest/Arrest012_x264.mp4,2109,3.581308643121364,3.013350595167967,3.1106391727443055,19.208651409944654,2
432,/content/Anomaly_Videos/Arrest/Arrest012_x264.mp4,2139,1.8073747369203368,0.5025524150111654,3.0601110658751205,4.888715313963447,1
433,/content/Anomaly_Videos/Arrest/Arrest012_x264.mp4,2199,0.24152497571116474,0.2637592752529924,-1.7307895865182579,-2.5842752970565104,4
434,/content/Anomaly_Videos/Arrest/Arrest012_x264.mp4,2229,0.7240725390466375,1.1711124643685895,-1.4058150537795606,-1.796445938018351,5
435,/content/Anomaly_Videos/Arrest/Arrest012_x264.mp4,2259,0.0846799764652605,0.22618814895805206,-2.99077814486893,5.414748599812528,12
436,/content/Anomaly_Videos/Arrest/Arrest012_x264.mp4,2289,0.513259512814035,0.7415013388968154,-2.8977639031638063,-6.2812936129214885,4
437,/content/Anomaly_Videos/Arrest/Arrest012_x264.mp4,2349,0.4652026636536681,0.4781949573497977,-2.925962350102459,-15.781767928216548,6
438,/content/Anomaly_Videos/Arrest/Arrest012_x264.mp4,2379,0.7517441100712682,0.9409382100444316,-3.133888274742331,4487.938476920767,3
439,/content/Anomaly_Videos/Arrest/Arrest012_x264.mp4,2409,0.1759397880039455,0.2605478573309846,-0.26262454003155883,-22.37556335146634,8
440,/content/Anomaly_Videos/Arrest/Arrest012_x264.mp4,2439,0.5796101256084814,0.4491643437331686,2.7370375569243235,14.040646337132324,8
441,/content/Anomaly_Videos/Arrest/Arrest012_x264.mp4,2469,0.37677593154673894,0.47857185823819176,-0.21349901243495023,-36.3842910940683,8
442,/content/Anomaly_Videos/Arrest/Arrest012_x264.mp4,2499,0.9276979458917914,1.061693916516762,3.021379698098239,-140.32037311554816,9
443,/content/Anomaly_Videos/Arrest/Arrest012_x264.mp4,2529,0.9822178617935281,1.5833825987198316,2.286331604399906,3.5425889945426334,10
444,/content/Anomaly_Videos/Arrest/Arrest012_x264.mp4,2559,1.1133920952085543,1.1882632622268166,0.03645169392936388,38.23379255997396,7
445,/content/Anomaly_Videos/Arrest/Arrest012_x264.mp4,2589,0.0915291861352862,0.11617159076739551,-0.8592858708793314,-2.9803959180004043,3
446,/content/Anomaly_Videos/Arrest/Arrest012_x264.mp4,2799,0.90679462305492,1.0488423846960595,-0.06104455510679645,-28.16708696640578,2
447,/content/Anomaly_Videos/Arrest/Arrest012_x264.mp4,2829,0.17940650359494287,0.09981186238746863,2.8844191876957783,3.4837059085197932,6
448,/content/Anomaly_Videos/Arrest/Arrest012_x264.mp4,2859,0.025310559583863405,0.059998068465142135,2.214642079882064,1.9454977855092348,8
449,/content/Anomaly_Videos/Arrest/Arrest012_x264.mp4,2889,0.24828814993671317,0.18437428369283995,2.8060830642348193,3.153493683770602,7
450,/content/Anomaly_Videos/Arrest/Arrest012_x264.mp4,2919,1.0131206301384463,1.2569566544256128,3.0650435597195616,17.337791572203162,3
451,/content/Anomaly_Videos/Arrest/Arrest012_x264.mp4,2949,1.3105324805774679,1.5197816346760002,3.1406508278931557,-38.84843595493838,5
452,/content/Anomaly_Videos/Arrest/Arrest012_x264.mp4,3009,0.996053271939292,1.1072319495562672,-3.044913487480957,-17.73583910784238,9
453,/content/Anomaly_Videos/Arrest/Arrest012_x264.mp4,3039,1.2384180124009532,1.789345964217516,-3.069446124751785,-16.929599907742627,1
454,/content/Anomaly_Videos/Arrest/Arrest012_x264.mp4,3129,1.6815937316450433,2.3884712432282638,-0.029796775977486794,-80.91998036653403,5
455,/content/Anomaly_Videos/Arrest/Arrest012_x264.mp4,3219,0.4138280858063347,0.30397694768423966,-0.0058100108966304565,22.43838946128715,3
456,/content/Anomaly_Videos/Arrest/Arrest012_x264.mp4,3249,1.1567466588912896,1.5740519879712778,-0.05463923667191527,-42.49067619206175,5
457,/content/Anomaly_Videos/Arrest/Arrest012_x264.mp4,3279,1.5442295928102618,1.7386246570373058,-0.07551909689101528,-9.898092072522465,4
458,/content/Anomaly_Videos/Arrest/Arrest012_x264.mp4,3369,0.8527514142488414,1.0600705648087008,-0.055243712475376475,-41.65220378285523,7
459,/content/Anomaly_Videos/Arrest/Arrest012_x264.mp4,3399,0.13521366540231805,0.1790515689565082,-0.20616722071188767,-20.572434238612743,6
460,/content/Anomaly_Videos/Arrest/Arrest012_x264.mp4,3429,0.6634267196230647,0.6899856472497085,-0.06838212421174042,-42.10111450042612,7
461,/content/Anomaly_Videos/Arrest/Arrest012_x264.mp4,3489,0.31793541786281665,0.4563806520392951,-3.0251633546441483,-70.28110344338215,6
462,/content/Anomaly_Videos/Arrest/Arrest012_x264.mp4,3519,0.4002362391673872,0.5321475685780451,-3.060998943259535,57.94419534139205,5
463,/content/Anomaly_Videos/Arrest/Arrest012_x264.mp4,3549,0.551340302928825,0.7675585800124693,-3.021904793699675,-55.339119384801904,8
464,/content/Anomaly_Videos/Arrest/Arrest012_x264.mp4,3579,0.3760257381129725,0.7039666969647869,-3.0840495276499102,-82.0453420314898,3
465,/content/Anomaly_Videos/Arrest/Arrest012_x264.mp4,3609,0.8152279771259218,1.1765121428523904,-2.6684188794708126,-3.382605958103332,8
466,/content/Anomaly_Videos/Arrest/Arrest012_x264.mp4,3669,1.6594756219759919,1.734959407123433,-3.1393270133162994,13.576318007801158,10
467,/content/Anomaly_Videos/Arrest/Arrest012_x264.mp4,3699,1.5091243634618083,1.051082801907403,3.0499379331033927,15.173627131356428,4
468,/content/Anomaly_Videos/Arrest/Arrest012_x264.mp4,3729,3.7186822563171984,3.0942276237556805,-3.1355701262909235,36.86173240785781,4
469,/content/Anomaly_Videos/Arrest/Arrest012_x264.mp4,3759,0.8386316331842513,0.6912719423656947,3.0182542980757314,818.1164427066035,8
470,/content/Anomaly_Videos/Arrest/Arrest012_x264.mp4,3789,0.8794790133285173,1.4275759497241283,0.060698892352326325,21.459784158898533,6
471,/content/Anomaly_Videos/Arrest/Arrest012_x264.mp4,3819,1.1612431821591622,1.535482641593589,0.14966634333251194,14.343929676755733,1
472,/content/Anomaly_Videos/Arrest/Arrest012_x264.mp4,3909,0.4878167300215097,0.7564004278621088,-3.0048355334526193,-45.949273611768454,4
473,/content/Anomaly_Videos/Arrest/Arrest012_x264.mp4,3939,0.6606693204071356,0.981923589650351,-3.0624728860778214,-27.542114816700373,3
474,/content/Anomaly_Videos/Arrest/Arrest012_x264.mp4,3969,0.48930747278818293,0.6939558148496543,2.1093162509644343,2.3584051244735376,4
475,/content/Anomaly_Videos/Arrest/Arrest012_x264.mp4,3999,0.7541258841720102,0.854464754546426,-1.6703777414252385,-1.4949730557325251,6
476,/content/Anomaly_Videos/Arrest/Arrest012_x264.mp4,4029,1.2780343840679735,1.6347817025962088,-0.035454353924065145,-35.746608386819084,9
477,/content/Anomaly_Videos/Arrest/Arrest012_x264.mp4,4059,0.6791365766259088,0.44845883650358603,-0.1789271522190989,-7.662770825572015,3
478,/content/Anomaly_Videos/Arrest/Arrest012_x264.mp4,4149,0.9175956651337724,1.3112983186842382,-3.077968442041849,-38.8864567492988,2
479,/content/Anomaly_Videos/Arrest/Arrest012_x264.mp4,4179,1.1668766581533188,0.9780248335154073,2.9626904576671267,10.032241703403091,4
480,/content/Anomaly_Videos/Arrest/Arrest012_x264.mp4,4269,0.31502189049110246,0.5136109693798162,-0.585279891696363,-5.610220564120058,1
481,/content/Anomaly_Videos/Arrest/Arrest012_x264.mp4,4299,0.4292318416704852,1.074503192480949,-0.8894820998795882,-10.739421918137909,1
482,/content/Anomaly_Videos/Arrest/Arrest012_x264.mp4,4359,0.7026256289432474,0.9999746200907729,-0.13492617807798535,-39.693723017727976,6
483,/content/Anomaly_Videos/Arrest/Arrest012_x264.mp4,4389,1.106180174942222,1.0265062036915356,-3.020367872029106,-111.88874938067106,3
484,/content/Anomaly_Videos/Arrest/Arrest012_x264.mp4,4419,1.0454385013121938,0.9411009238955653,3.0916340984277886,184.31375464600603,5
485,/content/Anomaly_Videos/Arrest/Arrest012_x264.mp4,4449,2.2573059937985605,2.172067315413969,3.1331015329464105,32.10365366346254,3
486,/content/Anomaly_Videos/Arrest/Arrest012_x264.mp4,4479,2.338017139782576,1.7505593862904618,3.1174014636813285,-132.74476128427156,3
487,/content/Anomaly_Videos/Arrest/Arrest012_x264.mp4,4539,0.49547722212321127,0.6342470288060725,-1.4535865076620875,-2.162146333975766,3
488,/content/Anomaly_Videos/Arrest/Arrest012_x264.mp4,4569,0.3533434276218612,0.37897570699001165,-1.6255425442883453,-1.8825290921490103,7
489,/content/Anomaly_Videos/Arrest/Arrest012_x264.mp4,4599,0.4196079082097312,0.3888048096868911,-1.8497770665766513,-1.6942776853722514,2
490,/content/Anomaly_Videos/Arrest/Arrest012_x264.mp4,4629,0.6513595627783163,0.7775872786044028,-1.6655814925687067,-1.622694744534113,2
491,/content/Anomaly_Videos/Arrest/Arrest012_x264.mp4,4719,0.27338629157174993,0.30922094546240836,-2.9550269811052385,-2.721037017517281,4
492,/content/Anomaly_Videos/Arrest/Arrest012_x264.mp4,4749,0.7309222019222255,1.115303626392682,-2.967309940256415,-12.439223722650524,2
493,/content/Anomaly_Videos/Arrest/Arrest012_x264.mp4,4779,0.8747018263826323,1.4791958848009308,3.001760191221084,-14.16423556631531,2
494,/content/Anomaly_Videos/Arrest/Arrest012_x264.mp4,4869,0.7684611887688496,1.1123366819405893,-0.06586093123181162,-30.370944491054942,4
495,/content/Anomaly_Videos/Arrest/Arrest012_x264.mp4,4899,0.8569950661806862,1.021337818325382,-3.0602786561328035,-18.686889765589154,7
496,/content/Anomaly_Videos/Arrest/Arrest012_x264.mp4,4929,0.9192413696506573,1.2048348123900594,-3.037545197587478,-13.194472732023685,1
497,/content/Anomaly_Videos/Arrest/Arrest012_x264.mp4,4959,1.2791769170539813,1.8320038078215932,3.140719035006638,-32.2664504051639,7
498,/content/Anomaly_Videos/Arrest/Arrest012_x264.mp4,4989,1.3848907453731287,1.681209603528664,3.103355711920993,-890.1728416232645,1
499,/content/Anomaly_Videos/Arrest/Arrest012_x264.mp4,5049,0.6480311459847602,0.6578821308778958,-1.5596303267301665,-1.381316679621556,3
500,/content/Anomaly_Videos/Arrest/Arrest012_x264.mp4,5079,0.8815125781000877,1.0121142514995094,-1.3558477401538704,-1.5834748645691168,7
501,/content/Anomaly_Videos/Arrest/Arrest012_x264.mp4,5289,0.7579320091826447,1.032005708703341,0.08769208634721631,20.693566211959247,2
502,/content/Anomaly_Videos/Arrest/Arrest012_x264.mp4,5409,0.2778309620288938,0.24139309837121858,-0.47007479611927444,-3.7370116415587513,6
503,/content/Anomaly_Videos/Arrest/Arrest012_x264.mp4,5439,0.3932830413475058,0.30668513325765273,3.102328285559542,-19.262791355882264,4
504,/content/Anomaly_Videos/Arrest/Arrest012_x264.mp4,5529,0.6751319818653121,0.8802043778757072,-3.1038939820367193,-20.57710988937856,2
505,/content/Anomaly_Videos/Arrest/Arrest012_x264.mp4,5559,0.23861956459510078,0.253385889265734,-0.21996337051634926,-10.267736315022006,9
506,/content/Anomaly_Videos/Arrest/Arrest012_x264.mp4,5649,0.023912968611611393,0.026080379328176938,-2.381024199211449,-76.55605937376596,5
507,/content/Anomaly_Videos/Arrest/Arrest012_x264.mp4,5679,0.04471227243431472,0.054738722479271036,-2.222470186464162,-4.561522640756007,3
508,/content/Anomaly_Videos/Arrest/Arrest012_x264.mp4,5709,0.45587326218176133,0.5319362373098644,-3.108347571582888,-56.96910156220483,10
509,/content/Anomaly_Videos/Arrest/Arrest012_x264.mp4,5739,0.2756720038533428,0.14289312703636944,3.004494210757535,-54.15779282529729,1
510,/content/Anomaly_Videos/Arrest/Arrest012_x264.mp4,5769,0.8509934752237159,0.8053339212748744,0.023767373009100277,38.93645434501672,7
511,/content/Anomaly_Videos/Arrest/Arrest012_x264.mp4,5829,0.17260933101423956,0.13557604849814378,0.026477382489249263,-2.0030475165466974,4
512,/content/Anomaly_Videos/Arrest/Arrest012_x264.mp4,5859,1.013177015587208,0.3971808201105736,-0.08152198916918028,-17.810795147306933,1
513,/content/Anomaly_Videos/Arrest/Arrest012_x264.mp4,5919,0.2578091526889436,0.3751590251311054,3.123609892793717,91.63486538899622,8
514,/content/Anomaly_Videos/Arrest/Arrest012_x264.mp4,5949,0.2941055053393027,0.3613432170506095,3.0806750756412975,19.45737138554084,3
515,/content/Anomaly_Videos/Arrest/Arrest012_x264.mp4,5979,0.36175329697849107,0.3297947332954594,3.1304214510081776,70.25142649120198,5
516,/content/Anomaly_Videos/Arrest/Arrest012_x264.mp4,6039,0.7050806966030175,1.0150955307292213,-0.07775516963931249,-42.271625388274444,6
517,/content/Anomaly_Videos/Arrest/Arrest012_x264.mp4,6069,0.6115495578184262,0.8550265147377872,0.06477097028974878,-25.54275510497224,1
518,/content/Anomaly_Videos/Arrest/Arrest012_x264.mp4,6129,0.8179688806916277,1.2995460777907233,-3.1031055062376525,-30.667086643291043,6
519,/content/Anomaly_Videos/Arrest/Arrest012_x264.mp4,6159,0.19159515623456488,0.06704046234994256,3.0814924710862206,-6.8211868299958995,2
520,/content/Anomaly_Videos/Arrest/Arrest012_x264.mp4,6189,1.4958738192229877,1.5909002095015652,-3.1142640097022087,-29.46383590126463,3
521,/content/Anomaly_Videos/Arrest/Arrest012_x264.mp4,6249,0.07277936312035305,0.1428370850856657,-2.3206308532730633,-4.440799521328959,1
522,/content/Anomaly_Videos/Arrest/Arrest012_x264.mp4,6279,0.6427115894807357,0.5209803913909156,3.0266502864384366,13.754501469978113,6
523,/content/Anomaly_Videos/Arrest/Arrest012_x264.mp4,6369,0.6735569703947862,0.8485533766850052,-3.107274820042777,13.400166121838716,5
524,/content/Anomaly_Videos/Arrest/Arrest012_x264.mp4,6399,0.901302788321414,0.9439503070608678,3.1356527726337213,217.33625452635593,2
525,/content/Anomaly_Videos/Arrest/Arrest012_x264.mp4,6459,1.0168755310444453,0.664653087928672,0.024026333888915875,-56.65366930135104,6
526,/content/Anomaly_Videos/Arrest/Arrest012_x264.mp4,6489,0.33475134108907006,0.5176308763725717,-3.0656658830697063,-115.83222211929377,5
527,/content/Anomaly_Videos/Arrest/Arrest012_x264.mp4,6519,1.0133076682654358,1.5382945927700222,-2.926741608013042,-8.651851723623592,9
528,/content/Anomaly_Videos/Arrest/Arrest012_x264.mp4,6819,0.9047038333224222,0.9830292988221032,3.1059908950149944,30.122177967319864,7
529,/content/Anomaly_Videos/Arrest/Arrest012_x264.mp4,6849,1.0235601738905213,0.9566864042992799,3.0581709214945865,100.05070593671987,2
530,/content/Anomaly_Videos/Arrest/Arrest012_x264.mp4,6939,0.5435291635321661,0.33387384364658046,3.076085989406282,4.546333284859099,1
531,/content/Anomaly_Videos/Arrest/Arrest012_x264.mp4,6969,0.5534969191742141,0.7821267884647867,3.053223822185281,18.42631049916523,8
532,/content/Anomaly_Videos/Arrest/Arrest012_x264.mp4,7029,0.08583018261853803,0.11562157600459753,0.9513693432057199,10.544727956564198,5
533,/content/Anomaly_Videos/Arrest/Arrest012_x264.mp4,7059,0.5563328904516455,1.1538139580789146,0.1268899260187193,9.378027132778643,5
534,/content/Anomaly_Videos/Arrest/Arrest012_x264.mp4,7149,1.0445189068660978,0.9684608367709027,3.1311154589449752,-393.32066439230636,2
535,/content/Anomaly_Videos/Arrest/Arrest012_x264.mp4,7179,0.32373964315471826,0.4322694729291342,-1.5434825435867205,-1.3628851158507937,7
536,/content/Anomaly_Videos/Arrest/Arrest012_x264.mp4,7239,0.9727075525410969,0.8981417218455288,3.1296759930601104,57.5495648584373,8
537,/content/Anomaly_Videos/Arrest/Arrest012_x264.mp4,7269,7.391599926281336,7.126479486966331,-2.9137485555926883,-8.459249120160393,5
538,/content/Anomaly_Videos/Arrest/Arrest012_x264.mp4,7329,1.4062313045417376,1.712160112169734,1.6171633138332178,1.4831366440590583,7
539,/content/Anomaly_Videos/Arrest/Arrest012_x264.mp4,7359,0.508873704168949,0.7544541726391889,1.7470065727432698,4.843161228689165,1
540,/content/Anomaly_Videos/Arrest/Arrest012_x264.mp4,7479,0.7515992185929574,0.98557561099131,-0.049437481214974426,-36.23870754292961,4
541,/content/Anomaly_Videos/Arrest/Arrest012_x264.mp4,7509,1.1547491246816186,1.0748331152803887,1.5805768651931185,1.4141195331135608,4
542,/content/Anomaly_Videos/Arrest/Arrest012_x264.mp4,7539,0.6193498804176317,0.9367088682316423,1.8537669345721268,2.5909485094035207,5
543,/content/Anomaly_Videos/Arrest/Arrest012_x264.mp4,7569,0.6280901750227812,0.6559509882924816,3.093632633805926,45.78733359127457,8
544,/content/Anomaly_Videos/Arrest/Arrest012_x264.mp4,7599,0.919132768389919,0.6515771369554197,3.1145732967933153,16.41571340864099,5
545,/content/Anomaly_Videos/Arrest/Arrest012_x264.mp4,7629,1.2083555497792777,0.8082770932392221,3.121844891099182,7.859891509124561,4
546,/content/Anomaly_Videos/Arrest/Arrest012_x264.mp4,7659,1.022162852475131,0.6072087351195525,2.7954869562878377,3.6683922832179294,1
547,/content/Anomaly_Videos/Arrest/Arrest012_x264.mp4,7689,3.2050585719321742,3.254901798904431,3.052143122939165,25.62763772038725,5
548,/content/Anomaly_Videos/Arrest/Arrest012_x264.mp4,7719,7.572471873477213,8.233463973090977,3.0082239502805606,37.40176805794698,7
549,/content/Anomaly_Videos/Arrest/Arrest012_x264.mp4,7749,0.2355107149628606,0.14085097436809982,2.3267704207650963,1.408020966871362,7
550,/content/Anomaly_Videos/Arrest/Arrest012_x264.mp4,7779,6.844054901825443,8.823529980142787,2.803902787636169,5.405090341942206,11
551,/content/Anomaly_Videos/Arrest/Arrest012_x264.mp4,7809,18.009532206677513,18.13390986823738,3.046078429443399,13.363541448533704,2
552,/content/Anomaly_Videos/Arrest/Arrest012_x264.mp4,7989,0.8783265051447052,1.1291660885750952,1.6994940188939243,1.900796666738859,4
553,/content/Anomaly_Videos/Arrest/Arrest012_x264.mp4,8019,0.3469069082999008,0.44245199917711603,-3.1157182749353263,12.740063673308569,4
554,/content/Anomaly_Videos/Arrest/Arrest012_x264.mp4,8049,0.05061364556198666,0.15073895399761644,-0.7538775161009696,-3.394338618265182,4
555,/content/Anomaly_Videos/Arrest/Arrest012_x264.mp4,8409,0.47024781734806137,0.3315612478611378,2.9685288215997843,9.407883724061856,7
556,/content/Anomaly_Videos/Arrest/Arrest012_x264.mp4,8439,4.463357950946467,5.563143706168413,-3.1369402016645114,30.15858453000411,8
557,/content/Anomaly_Videos/Arrest/Arrest012_x264.mp4,8469,0.6851686610240979,0.897547564364138,0.028052896836009884,21.505046038997584,7
558,/content/Anomaly_Videos/Arrest/Arrest012_x264.mp4,8739,1.0048428304368398,1.3366485975905682,0.05752449828945289,31.766498906244216,2
559,/content/Anomaly_Videos/Arrest/Arrest012_x264.mp4,8769,0.7588743926009681,0.906439850853148,0.010156005189419587,-41.39952841205613,8
560,/content/Anomaly_Videos/Arrest/Arrest012_x264.mp4,8919,0.8710515244692495,0.9316262546826073,3.1019120747047864,166.60727509839805,10
561,/content/Anomaly_Videos/Arrest/Arrest012_x264.mp4,8949,0.6436321527563871,0.6786156484463371,3.0197286253315636,8.92066276494087,2
562,/content/Anomaly_Videos/Arrest/Arrest012_x264.mp4,8979,0.8106138828232705,0.727627281796073,3.0721094914296985,18.489355627257616,6
563,/content/Anomaly_Videos/Arrest/Arrest012_x264.mp4,9009,1.2111785751626765,1.6047672890194773,-3.1329121524499266,382.6321334434398,2
564,/content/Anomaly_Videos/Arrest/Arrest012_x264.mp4,9069,0.9125263277660336,0.9888670910078843,2.874328713482439,9.90561361907257,6
565,/content/Anomaly_Videos/Arrest/Arrest012_x264.mp4,9099,0.9275595571489638,0.5169243842914943,3.0255304021674414,-5.131153235476901,1
566,/content/Anomaly_Videos/Arrest/Arrest012_x264.mp4,9129,0.716442336134307,0.8672409481406161,3.1211587927983326,-378.58786196398614,7
567,/content/Anomaly_Videos/Arrest/Arrest012_x264.mp4,9159,0.405161210379887,0.4094332539926872,0.2399632846543449,7.054782635300847,3
568,/content/Anomaly_Videos/Arrest/Arrest012_x264.mp4,9189,0.98294931204962,1.629647821960037,-3.1307133794528537,-32.40409305238884,4
569,/content/Anomaly_Videos/Arrest/Arrest012_x264.mp4,9219,1.5241340741091225,0.930512583143726,-3.1408755731758613,26.645179378938813,10
570,/content/Anomaly_Videos/Arrest/Arrest012_x264.mp4,9249,1.6783790733784523,1.7479597403621414,2.9551091649618866,17.020096228566402,4
571,/content/Anomaly_Videos/Arrest/Arrest012_x264.mp4,9429,0.6703973955943741,0.6634221203699188,-3.088205729129981,-57.59961194090224,8
572,/content/Anomaly_Videos/Arrest/Arrest012_x264.mp4,9459,0.5105282011047703,0.3449512852812724,3.092666271529456,15.726590024460938,2
573,/content/Anomaly_Videos/Arrest/Arrest012_x264.mp4,9519,0.1867717162471416,0.2745885048614622,-2.959454580125363,-31.333655209507235,9
574,/content/Anomaly_Videos/Arrest/Arrest012_x264.mp4,9669,0.2219885863693609,0.30578255635127083,0.12365396778102522,44.13323810412191,5
575,/content/Anomaly_Videos/Arrest/Arrest012_x264.mp4,9699,1.1494159717959527,0.7206522945448262,3.137442983940094,-15.072252841627693,9
576,/content/Anomaly_Videos/Arrest/Arrest012_x264.mp4,9729,0.39257990577163093,0.5266158161805093,3.082110674475273,46.40503433482867,6
577,/content/Anomaly_Videos/Arrest/Arrest012_x264.mp4,9789,0.18569745651575578,0.1827423299897015,0.12069076505395922,6.438087797881834,5
578,/content/Anomaly_Videos/Arrest/Arrest012_x264.mp4,9909,0.4356237715091805,0.16526394270661737,3.13840595426865,3.4372766077361527,5
579,/content/Anomaly_Videos/Arrest/Arrest012_x264.mp4,9939,1.2244357914972865,1.4043780923014844,3.0758884401341366,-108.01611241099317,5
580,/content/Anomaly_Videos/Arrest/Arrest012_x264.mp4,9969,1.3810948336791984,1.380872036020769,-3.120759092047344,-86.83679454507373,5
581,/content/Anomaly_Videos/Arrest/Arrest012_x264.mp4,10059,0.6268344810590735,0.9027201309517263,3.056833396161005,-15.436132596229516,3
582,/content/Anomaly_Videos/Arrest/Arrest012_x264.mp4,10119,0.0075596714470592295,0.11243386309760456,1.2578903000222952,2.9760352501233607,3
583,/content/Anomaly_Videos/Arrest/Arrest012_x264.mp4,10149,1.1692001392464524,0.9786001172802304,3.099939560965448,19.953217228791907,8
584,/content/Anomaly_Videos/Arrest/Arrest012_x264.mp4,10179,0.5873473505235257,0.49183712696385035,3.0739744624507765,8.09880094682163,1
585,/content/Anomaly_Videos/Arrest/Arrest012_x264.mp4,10269,1.183023945446589,1.19019041317605,3.129518406563761,-52.34673710600862,2
586,/content/Anomaly_Videos/Arrest/Arrest012_x264.mp4,10329,0.7396488532739132,1.2619572610736667,2.091526235531566,3.1632124840127984,3
587,/content/Anomaly_Videos/Arrest/Arrest012_x264.mp4,10359,0.17666869400946394,0.4192903806728196,1.8259301269841306,4.719892011023634,1
588,/content/Anomaly_Videos/Arrest/Arrest012_x264.mp4,10389,0.29277694888171946,0.5168801859463027,1.3947970428685588,2.4070294806464467,3
589,/content/Anomaly_Videos/Arrest/Arrest012_x264.mp4,10419,0.13872938170858723,0.3463206369312241,0.7647097628563454,2.055946178374043,5
590,/content/Anomaly_Videos/Arrest/Arrest012_x264.mp4,10449,4.673739638105439,5.4744673111772615,1.5208301658491665,2.38196299052924,1
591,/content/Anomaly_Videos/Arrest/Arrest012_x264.mp4,10509,0.41763472227422,0.4452429105507873,-0.031331927331087424,-8.74142991206917,3
592,/content/Anomaly_Videos/Arrest/Arrest012_x264.mp4,10539,1.0322709862119028,1.4003180177814003,-0.03225802373322835,48.93120611209083,4
593,/content/Anomaly_Videos/Arrest/Arrest012_x264.mp4,10779,0.6088974801575402,0.4792131839817798,-1.5529236968118274,-1.1425896749504492,6
594,/content/Anomaly_Videos/Arrest/Arrest012_x264.mp4,10809,1.148329810654044,1.4214221981435835,-1.6057505937923109,-1.970254820271646,1
595,/content/Anomaly_Videos/Arrest/Arrest012_x264.mp4,10839,0.27913729427742484,0.0881371192731681,2.790426156461362,1.123850827415526,6
596,/content/Anomaly_Videos/Arrest/Arrest012_x264.mp4,10869,1.4701340077940397,1.6824358422344592,2.824433165483703,3.2501333983794862,3
597,/content/Anomaly_Videos/Arrest/Arrest012_x264.mp4,10959,1.3565741309845902,1.5029644570475837,-3.049931033059729,-10.330782277175125,1
598,/content/Anomaly_Videos/Arrest/Arrest012_x264.mp4,11049,0.49647179618655624,0.19747729766391137,-2.824890047578842,-0.8383110495194842,6
599,/content/Anomaly_Videos/Arrest/Arrest012_x264.mp4,11079,1.2069770676964542,0.9961730800646565,-0.03184237208233983,-13.62903328573412,9
600,/content/Anomaly_Videos/Arrest/Arrest012_x264.mp4,11109,0.7663398318989394,0.7340742675712466,-0.011491381336749531,21.412391765683417,2
601,/content/Anomaly_Videos/Arrest/Arrest012_x264.mp4,11319,0.8997071607475595,0.9032154151608056,3.014826069457012,20.507107671953335,3
602,/content/Anomaly_Videos/Arrest/Arrest012_x264.mp4,11829,0.30418236573188684,0.18941612558262025,2.871259282893408,3.115704485479488,2
603,/content/Anomaly_Videos/Arrest/Arrest012_x264.mp4,11859,1.2441617571362258,1.3545073637963831,3.1245119828178973,94.08166883053399,6
604,/content/Anomaly_Videos/Arrest/Arrest012_x264.mp4,11889,1.9577101829241792,1.7119756160406667,3.0001051984314406,31.88236468458322,3
605,/content/Anomaly_Videos/Arrest/Arrest012_x264.mp4,11919,1.0382373841022203,0.804826033605628,3.0096873100935415,12.005252973342081,1
606,/content/Anomaly_Videos/Arrest/Arrest012_x264.mp4,11979,1.0438625913859052,0.7937904547338063,2.9604347452987265,25.789099073220367,6
607,/content/Anomaly_Videos/Arrest/Arrest012_x264.mp4,12009,0.6896704118981536,0.48377883225200713,2.7698152120898585,4.935915783401094,5
608,/content/Anomaly_Videos/Arrest/Arrest012_x264.mp4,12069,1.4480821320526023,1.6714151125721242,2.9493399780059417,4.317676240215656,5
609,/content/Anomaly_Videos/Arrest/Arrest012_x264.mp4,12129,0.5099298910498492,0.3691817237847319,-0.6567047253383398,-4.447362334450194,6
610,/content/Anomaly_Videos/Arrest/Arrest012_x264.mp4,12339,0.6443709861866377,0.8312053306513781,-3.0836377381136684,24.439689682789886,7
611,/content/Anomaly_Videos/Arrest/Arrest012_x264.mp4,12369,1.1595058086115297,1.2762073576051591,3.116530890905015,-720.527880580529,5
612,/content/Anomaly_Videos/Arrest/Arrest012_x264.mp4,12399,0.3584973440411349,0.5898152365047435,3.0256564693087973,9.70742480446861,8
613,/content/Anomaly_Videos/Arrest/Arrest012_x264.mp4,12429,0.9458848699808243,0.9931344780280839,3.0567201304033222,-143.06348337647395,6
614,/content/Anomaly_Videos/Arrest/Arrest012_x264.mp4,12549,0.3660099756293727,0.5078174524648988,-2.8671378562195344,-12.927908349769341,3
615,/content/Anomaly_Videos/Arrest/Arrest012_x264.mp4,12669,0.6714690161034469,1.162652279459182,-2.9639377682972703,-14.247958921216544,4
616,/content/Anomaly_Videos/Arrest/Arrest012_x264.mp4,12699,0.808407225426998,1.0440827304174642,-3.0318949569006866,-11.857352403385763,1
617,/content/Anomaly_Videos/Arrest/Arrest012_x264.mp4,12729,0.01876737022465002,0.08002645979643852,-0.5929873893234515,-1.6370993604855926,2
618,/content/Anomaly_Videos/Arrest/Arrest012_x264.mp4,12789,0.5245201122431928,0.48088690217043867,-0.06238498035924214,-29.00489444590599,7
619,/content/Anomaly_Videos/Arrest/Arrest012_x264.mp4,12819,0.5724178159619407,0.498681341305191,-0.21334939554897314,-6.932738744064434,6
620,/content/Anomaly_Videos/Arrest/Arrest012_x264.mp4,12849,0.5289024424626254,0.5040349516455751,-0.08418472511413534,-5.817553891145864,4
621,/content/Anomaly_Videos/Arrest/Arrest012_x264.mp4,12879,2.4038740594220567,2.780078750319314,-0.0895601923803074,-2206.7553790271195,8
622,/content/Anomaly_Videos/Arrest/Arrest012_x264.mp4,12939,0.5815598020107632,0.6974048553581101,3.093050240763689,604.8964430435698,2
623,/content/Anomaly_Videos/Arrest/Arrest012_x264.mp4,12969,0.9216335186022274,1.4544991264508258,3.118177802909213,-929.7586686076667,1
624,/content/Anomaly_Videos/Arrest/Arrest012_x264.mp4,13089,0.48744579215234995,0.7586119440081202,-0.3477810100299324,-5.05609980343684,8
625,/content/Anomaly_Videos/Arrest/Arrest012_x264.mp4,13119,0.8652831678301767,0.6617828208928385,-0.20244196681092286,-4.415475988893562,2
626,/content/Anomaly_Videos/Arrest/Arrest012_x264.mp4,13149,0.32854292242590666,0.4927769024913426,1.7299278755494276,1.9158842174096413,5
627,/content/Anomaly_Videos/Arrest/Arrest012_x264.mp4,13179,0.6963741972254908,0.9014335516060558,-3.1399338636028973,19.897333573144298,6
628,/content/Anomaly_Videos/Arrest/Arrest012_x264.mp4,13269,0.7579312801742444,0.5506518259025904,3.106331675189295,9.67822173236788,7
629,/content/Anomaly_Videos/Arrest/Arrest012_x264.mp4,13299,0.792801731361362,0.4005124292154178,-3.1146317533106926,9.090259600473724,3
630,/content/Anomaly_Videos/Arrest/Arrest012_x264.mp4,13329,1.1538274411398264,1.4641345301422461,3.1008180281358126,1158.6840219459893,4
631,/content/Anomaly_Videos/Arrest/Arrest012_x264.mp4,13389,1.7956724398186144,2.294905074426289,-3.137777118428726,23.309301736021197,2
632,/content/Anomaly_Videos/Arrest/Arrest012_x264.mp4,13419,0.36944939471333715,0.3053289913117417,-0.146493474782728,-5.970556659540421,2
633,/content/Anomaly_Videos/Arrest/Arrest012_x264.mp4,13449,0.9199691199825102,1.1707459057780705,3.030118080392896,67.15118851274295,4
634,/content/Anomaly_Videos/Arrest/Arrest012_x264.mp4,13479,0.11535760217833348,0.2037374303764624,1.1336669562538155,3.428033324819651,7
635,/content/Anomaly_Videos/Arrest/Arrest012_x264.mp4,13509,0.2874305011590959,0.13694801529893902,3.1153010422561915,8.196574662757719,7
636,/content/Anomaly_Videos/Arrest/Arrest012_x264.mp4,13539,1.1923694616851452,1.1717351784254793,3.112776150113844,-32.13856666946139,6
637,/content/Anomaly_Videos/Arrest/Arrest012_x264.mp4,13749,0.6794475741781545,0.7086861944501313,-1.5071290739730245,-1.307757571440497,2
638,/content/Anomaly_Videos/Arrest/Arrest012_x264.mp4,13809,0.5642516637197714,1.0657086367175912,-3.090337519366856,-33.466789626530584,1
639,/content/Anomaly_Videos/Arrest/Arrest012_x264.mp4,13839,0.15544265620962616,0.1738525903609127,-3.0723212904863457,25.034411907502033,2
640,/content/Anomaly_Videos/Arrest/Arrest012_x264.mp4,13869,0.21785539159380163,0.23198164206048832,3.024840673749932,18.5712566684091,12
641,/content/Anomaly_Videos/Arrest/Arrest012_x264.mp4,13899,0.13878810825765525,0.21974593337107834,0.3206844552716611,11.958413240829625,5
642,/content/Anomaly_Videos/Arrest/Arrest012_x264.mp4,13929,0.42733798384945054,0.46415002374802355,-3.09071539908504,230.1709980144751,6
643,/content/Anomaly_Videos/Arrest/Arrest012_x264.mp4,13989,0.13379884863322458,0.17967952023378472,0.04376740977744159,18.213369595095063,2
644,/content/Anomaly_Videos/Arrest/Arrest012_x264.mp4,14109,0.7901748002268593,0.916879293758146,-2.919408957747565,-6.9910477277638305,5
645,/content/Anomaly_Videos/Arrest/Arrest012_x264.mp4,14139,0.7263434986343577,1.0264927586221086,-2.9235414471051717,-9.232002168845952,1
646,/content/Anomaly_Videos/Arrest/Arrest012_x264.mp4,14169,1.9251169039549278,2.240426714391477,0.011421476682415032,145.58205877608955,4
647,/content/Anomaly_Videos/Arrest/Arrest012_x264.mp4,14259,0.4518850827110549,0.5056981294179579,-0.12792896844565335,-14.02811962308372,6
648,/content/Anomaly_Videos/Arrest/Arrest012_x264.mp4,14289,1.2464844961665558,1.7268441192012496,-0.020322029697911217,171.99565900933908,1
649,/content/Anomaly_Videos/Arrest/Arrest012_x264.mp4,14439,0.42560415356201786,0.6351905323475258,-0.10266746569244845,-17.067095817036822,4
650,/content/Anomaly_Videos/Arrest/Arrest012_x264.mp4,14469,0.3354926138144027,0.4533825597212534,-3.0915057304089517,-17.98602576443622,5
651,/content/Anomaly_Videos/Arrest/Arrest012_x264.mp4,14499,0.38362986530835474,0.523749873254708,-3.1403952152550745,53.296282895621204,1
652,/content/Anomaly_Videos/Arrest/Arrest012_x264.mp4,14589,0.7834164724124673,1.284117998925381,-3.0179504492889655,-21.959710190200134,3
653,/content/Anomaly_Videos/Arrest/Arrest012_x264.mp4,14649,0.12656826377110983,0.36893696550892535,0.6599188492896181,5.323166276279671,11
654,/content/Anomaly_Videos/Arrest/Arrest012_x264.mp4,14679,0.9623247877055131,0.6851908364406656,2.9875286934336147,29.2291596680983,6
655,/content/Anomaly_Videos/Arrest/Arrest012_x264.mp4,14709,0.71643682318399,1.0970433758542601,-3.046599059441559,-26.105726884264023,4
656,/content/Anomaly_Videos/Arrest/Arrest012_x264.mp4,14859,0.23670372928592157,0.027320000544286033,3.048831885882753,1.027829902592045,7
657,/content/Anomaly_Videos/Arrest/Arrest012_x264.mp4,14889,0.03337169226056599,0.2778402837544786,1.4186518784684148,5.643277180520478,5
658,/content/Anomaly_Videos/Arrest/Arrest012_x264.mp4,14919,0.12711866963091256,0.14572542471471997,-0.3768240641056762,-12.18704228625703,7
659,/content/Anomaly_Videos/Arrest/Arrest012_x264.mp4,14949,0.625575222835675,0.6744061718386848,-0.005967691396267826,-399.27510821761354,1
660,/content/Anomaly_Videos/Arrest/Arrest012_x264.mp4,14979,0.140700902432617,0.09089436136251286,0.4877548150270816,2.423301149491064,5
661,/content/Anomaly_Videos/Arrest/Arrest012_x264.mp4,15039,0.1473478694885633,0.16379445070234214,0.07519704613363891,5.211482797334621,2
662,/content/Anomaly_Videos/Arrest/Arrest012_x264.mp4,15069,1.0608666758015588,0.7917197131178241,3.1071005525062363,-107.50471558188812,7
663,/content/Anomaly_Videos/Arrest/Arrest012_x264.mp4,15099,0.5051770269368214,0.555345877018652,3.0703441666780704,13.794409092654103,3
664,/content/Anomaly_Videos/Arrest/Arrest012_x264.mp4,15129,0.6920240118258739,1.4089049076642393,-3.0997877778345484,-14.195691812437916,5
665,/content/Anomaly_Videos/Arrest/Arrest012_x264.mp4,15159,0.08886246852347314,0.11657788820911492,-3.1311153215859666,-7.413136991571181,1
666,/content/Anomaly_Videos/Arrest/Arrest012_x264.mp4,15189,1.1693169225012547,1.083051713135469,-3.0219934714293313,-10.16991802230022,1
667,/content/Anomaly_Videos/Arrest/Arrest012_x264.mp4,15219,0.3749744482125217,0.1615920010647385,3.0330363710196364,9.125150306415216,8
668,/content/Anomaly_Videos/Arrest/Arrest012_x264.mp4,15249,0.8362478421851082,0.9176092513298958,0.03251213541307184,54.73655086366446,5
669,/content/Anomaly_Videos/Arrest/Arrest012_x264.mp4,15279,0.39071314519955636,0.2583065830300464,-3.0890427104608484,9.975554867410915,8
670,/content/Anomaly_Videos/Arrest/Arrest012_x264.mp4,15309,0.5722714365739427,0.5622224267543531,-3.141572083076237,81.6612450540392,5
671,/content/Anomaly_Videos/Arrest/Arrest012_x264.mp4,15339,0.2809935497055148,0.378662355422651,3.137158885027085,10.415939323280535,8
672,/content/Anomaly_Videos/Arrest/Arrest012_x264.mp4,15369,1.2695697087653086,1.2569302444591135,3.076138049452178,34.675766857449986,8
673,/content/Anomaly_Videos/Arrest/Arrest012_x264.mp4,15399,0.502199676533703,0.5531878024725035,3.1075334504490417,17.311364175950725,1
674,/content/Anomaly_Videos/Arrest/Arrest012_x264.mp4,15429,1.1987920791407276,1.4180531350369465,-3.1085020646290844,-43.12429533209595,3
675,/content/Anomaly_Videos/Arrest/Arrest012_x264.mp4,15459,0.6936684273086691,0.15916170654555092,-3.0648081958961075,-1.0460675387035507,1
676,/content/Anomaly_Videos/Arrest/Arrest012_x264.mp4,15489,0.9713050317200752,1.4220212987049985,3.139608750837075,-46.372358944355796,6
677,/content/Anomaly_Videos/Arrest/Arrest012_x264.mp4,15519,0.3226975272789344,0.3537023524610864,3.123970371543155,28.33580410342647,8
678,/content/Anomaly_Videos/Arrest/Arrest012_x264.mp4,15549,0.7105765022297882,0.8267830665274641,-3.119139452012537,-4.490813866811202,8
679,/content/Anomaly_Videos/Arrest/Arrest012_x264.mp4,15579,2.6256931630905544,2.9789387699920775,3.132652416062307,40.11073700564636,6
680,/content/Anomaly_Videos/Arrest/Arrest012_x264.mp4,15609,2.798160562795673,3.323229266122691,-3.074287982549486,18.799003317547456,5
681,/content/Anomaly_Videos/Arrest/Arrest012_x264.mp4,15639,4.78945586958541,4.838563099169852,-3.0452404190654745,36.68149615208131,4
682,/content/Anomaly_Videos/Arrest/Arrest012_x264.mp4,15669,1.1532237534177263,1.4893523615079143,3.1151646721489548,41.12392758662814,4
683,/content/Anomaly_Videos/Arrest/Arrest012_x264.mp4,15789,0.2071996217407415,0.7224011043286078,-1.3973713934734318,-11.731627922221074,8
684,/content/Anomaly_Videos/Arrest/Arrest012_x264.mp4,15819,0.43388369398473897,0.603267769320645,-2.7440014396843866,-11.639701084376355,9
685,/content/Anomaly_Videos/Arrest/Arrest012_x264.mp4,15849,0.1392891541048294,0.4036507618830683,-2.5415678123526138,-1.9636685897885133,7
686,/content/Anomaly_Videos/Arrest/Arrest012_x264.mp4,15909,0.8990835173975733,0.9983017340966026,1.5239588339323402,1.928953790045341,6
687,/content/Anomaly_Videos/Arrest/Arrest012_x264.mp4,15939,0.6458225598079884,0.9488189393189203,-0.17213446303395802,-11.39695711275747,5
688,/content/Anomaly_Videos/Arrest/Arrest012_x264.mp4,15969,0.781516473074494,0.7931083311912369,0.002807578780045109,-40.89971532137519,3
689,/content/Anomaly_Videos/Arrest/Arrest012_x264.mp4,16059,0.8842378461534312,1.012168782278036,-0.0648309665411229,-310.42289939923194,4
690,/content/Anomaly_Videos/Arrest/Arrest012_x264.mp4,16089,0.9393595240867755,0.8005784574507345,-3.022656953534756,-38.42197651338981,8
0,/content/Anomaly_Videos/Arson/Arson007_x264.mp4,708,1.3039255154400906,1.4452044698267847,1.7123529109987823,1.6278908001486152,2
0,/content/Anomaly_Videos/Shoplifting/Shoplifting052_x264.mp4,214,0.46196277334735275,0.5359312836305591,-0.19409409845615733,-15.935648873742373,1
1,/content/Anomaly_Videos/Shoplifting/Shoplifting052_x264.mp4,244,0.6658065237535805,0.831679348446491,-0.0618144508155255,-30.677571853648445,1
2,/content/Anomaly_Videos/Shoplifting/Shoplifting052_x264.mp4,274,0.48425840171812895,0.4983362555067016,-0.041090327328707654,-21.18712811386152,1
3,/content/Anomaly_Videos/Shoplifting/Shoplifting052_x264.mp4,304,0.422649506121953,0.5077720596552345,-0.029976007124057093,-26.329214090873496,1
4,/content/Anomaly_Videos/Shoplifting/Shoplifting052_x264.mp4,334,0.482892953131717,0.5402366873061942,-0.04921651076911923,-16.001672953039225,1
5,/content/Anomaly_Videos/Shoplifting/Shoplifting052_x264.mp4,364,0.4533478599014309,0.5728352127289968,-0.1342975438735122,-14.21029688465858,1
6,/content/Anomaly_Videos/Shoplifting/Shoplifting052_x264.mp4,394,0.35925476672573187,0.45282767848542654,-0.19910021850240547,-6.294909487726642,1
7,/content/Anomaly_Videos/Shoplifting/Shoplifting052_x264.mp4,424,0.4218320063182165,0.5755756354877207,-0.24022801305651206,-6.6227212636452055,1
8,/content/Anomaly_Videos/Shoplifting/Shoplifting052_x264.mp4,454,0.40185983840096406,0.5496962731716336,-0.16432285279573797,-9.161067247376062,1
9,/content/Anomaly_Videos/Shoplifting/Shoplifting052_x264.mp4,484,0.3117356940198974,0.4831672150475026,-0.12284352983021597,-11.883380875898123,1
10,/content/Anomaly_Videos/Shoplifting/Shoplifting052_x264.mp4,514,0.3392971675397668,0.4896499886654716,-0.12346803936194727,-13.764788834366328,1
11,/content/Anomaly_Videos/Shoplifting/Shoplifting052_x264.mp4,544,0.4188726616644434,0.5319766368266428,-0.11825933734600128,-10.03612626503902,1
12,/content/Anomaly_Videos/Shoplifting/Shoplifting052_x264.mp4,574,0.44427711289360583,0.5252561198161925,-0.10431887255702198,-10.37428821044234,1
13,/content/Anomaly_Videos/Shoplifting/Shoplifting052_x264.mp4,604,0.4335637370633793,0.49820227253325233,-0.1682648137952203,-10.14177724954043,1
14,/content/Anomaly_Videos/Shoplifting/Shoplifting052_x264.mp4,634,0.42135843374030646,0.4373107872469502,-0.15762541980926434,-9.056730695929057,1
15,/content/Anomaly_Videos/Shoplifting/Shoplifting052_x264.mp4,664,0.3375453140630282,0.4096875073853102,-0.20034347700401198,-9.60665255582569,1
16,/content/Anomaly_Videos/Shoplifting/Shoplifting052_x264.mp4,694,0.43465778757389395,0.4890251380216811,-0.13344386232706817,-11.291869435452739,1
17,/content/Anomaly_Videos/Shoplifting/Shoplifting052_x264.mp4,724,0.469917557390098,0.5501432071852617,-0.13875802927611477,-17.928276992591396,1
18,/content/Anomaly_Videos/Shoplifting/Shoplifting052_x264.mp4,754,0.44448361720407437,0.5322000022905007,-0.1732416905061133,-13.687141901348083,1
19,/content/Anomaly_Videos/Shoplifting/Shoplifting052_x264.mp4,784,0.40520781954623386,0.45797933844132366,-0.21141474480495942,-8.588973379530076,1
20,/content/Anomaly_Videos/Shoplifting/Shoplifting052_x264.mp4,814,0.22003018943188327,0.2486505370391922,-0.6902189487580376,-3.088952084375861,1
21,/content/Anomaly_Videos/Shoplifting/Shoplifting052_x264.mp4,844,0.2980418549553125,0.2877504777112998,-0.3141206659604718,-4.234098986361555,1
22,/content/Anomaly_Videos/Shoplifting/Shoplifting052_x264.mp4,874,0.46643345350152804,0.5890983496129929,-0.06786411291425917,-17.294567500123712,1
23,/content/Anomaly_Videos/Shoplifting/Shoplifting052_x264.mp4,904,0.49963682842304585,0.6766568453014722,-0.09248270190535333,-19.483978573049157,1
24,/content/Anomaly_Videos/Shoplifting/Shoplifting052_x264.mp4,934,0.5139265633402821,0.49142001519533224,0.06995655206937273,100.50295903717205,2
25,/content/Anomaly_Videos/Shoplifting/Shoplifting052_x264.mp4,964,0.38641521985051763,0.4315992617447581,0.01470177399661001,-167.9781483223686,2
26,/content/Anomaly_Videos/Shoplifting/Shoplifting052_x264.mp4,994,0.20264765115296077,0.25343484108610337,-0.009104682713134239,-42.01097787597303,2
27,/content/Anomaly_Videos/Shoplifting/Shoplifting052_x264.mp4,1024,0.6015082118744917,0.8083851942304151,-0.11777945998500754,-28.113838409503966,1
28,/content/Anomaly_Videos/Shoplifting/Shoplifting052_x264.mp4,1144,0.24783942375743656,0.2906981186172962,0.09897476804528273,-213.3466809639545,1
29,/content/Anomaly_Videos/Shoplifting/Shoplifting052_x264.mp4,1174,0.15655986046007225,0.0658967632837432,-3.063654184160663,-3.298439131781409,1
30,/content/Anomaly_Videos/Shoplifting/Shoplifting052_x264.mp4,1204,0.2529504076427882,0.21321067383721548,-0.016495738479584496,-19.758132871229915,2
31,/content/Anomaly_Videos/Shoplifting/Shoplifting052_x264.mp4,1234,0.03894653945596255,0.07560145823249877,0.12151263860701216,-4.053096168713993,1
32,/content/Anomaly_Videos/Shoplifting/Shoplifting052_x264.mp4,1264,0.3381034942920821,0.6801085685181392,-3.091505298939601,556.6489021004047,2
33,/content/Anomaly_Videos/Shoplifting/Shoplifting052_x264.mp4,1294,0.037818855277214763,0.21079270159489347,-0.47355879175194865,82.38582885486322,1
34,/content/Anomaly_Videos/Shoplifting/Shoplifting052_x264.mp4,1324,0.40226141052066633,0.2567759458744635,0.024470843968984354,22.724289079144583,1
35,/content/Anomaly_Videos/Shoplifting/Shoplifting052_x264.mp4,1414,0.5293692844538409,0.6641695625861257,-0.0571854702874664,-76.5483675017892,1
36,/content/Anomaly_Videos/Shoplifting/Shoplifting052_x264.mp4,1444,0.3737178183318636,0.43123393691958367,-0.05417466176675886,-88.10376417143902,1
37,/content/Anomaly_Videos/Shoplifting/Shoplifting052_x264.mp4,1504,0.4537154334427477,0.6072870267199407,-0.07373112778028126,-31.3523882859286,1
38,/content/Anomaly_Videos/Shoplifting/Shoplifting052_x264.mp4,1534,0.4473448081411653,0.6092122769623297,-0.11364979591682982,-22.772998200707704,2
39,/content/Anomaly_Videos/Shoplifting/Shoplifting052_x264.mp4,1564,0.36614659910566666,0.5916522668852239,-0.02293336641535697,-150.04123340573256,1
40,/content/Anomaly_Videos/Shoplifting/Shoplifting052_x264.mp4,1594,0.5054803202974623,0.7096549249541911,-0.12214814467841352,-101.37626410391552,1
41,/content/Anomaly_Videos/Shoplifting/Shoplifting052_x264.mp4,1624,0.5191219765235556,0.711491570388254,-0.016258053120705683,219.97323797259634,1
42,/content/Anomaly_Videos/Shoplifting/Shoplifting052_x264.mp4,1654,0.5169855179958744,0.7171272181751711,-0.01823307725186199,-238.79876622678228,1
43,/content/Anomaly_Videos/Shoplifting/Shoplifting052_x264.mp4,1684,0.5057445037286868,0.7278753322355643,-0.03146261289616571,256.537995672195,1
44,/content/Anomaly_Videos/Shoplifting/Shoplifting052_x264.mp4,1714,0.48036608052858926,0.7004901082093427,-0.025608703938373212,139.98134560116625,1
45,/content/Anomaly_Videos/Shoplifting/Shoplifting052_x264.mp4,1774,0.5467426793901375,0.7384684484561115,0.011177738660984114,151.05947143803172,1
46,/content/Anomaly_Videos/Shoplifting/Shoplifting052_x264.mp4,1804,0.4695911007519616,0.6086223426099397,0.0013640092657436203,-652.9600015598518,3
47,/content/Anomaly_Videos/Shoplifting/Shoplifting052_x264.mp4,1834,0.5466868787627275,0.6363419554399918,0.06064008384918774,22.37991274529883,1
48,/content/Anomaly_Videos/Shoplifting/Shoplifting052_x264.mp4,1864,0.5257326077921578,0.7055561218372661,0.031150302463615814,377.1391804309469,1
49,/content/Anomaly_Videos/Shoplifting/Shoplifting052_x264.mp4,1894,0.4210159861567727,0.5009517560057207,-0.4470638971892787,-5.961774489614621,2
50,/content/Anomaly_Videos/Shoplifting/Shoplifting052_x264.mp4,1924,0.6584729929854163,0.5586570267787406,-0.014620777621798057,-19.994857896612984,1
51,/content/Anomaly_Videos/Shoplifting/Shoplifting052_x264.mp4,1954,0.7204924443858318,0.6329754546693812,0.0024926693201940274,-35.99877262112427,1
52,/content/Anomaly_Videos/Shoplifting/Shoplifting052_x264.mp4,1984,0.9620862487413304,1.0817700097829845,0.10514209894141156,-127.3763307911853,1
53,/content/Anomaly_Videos/Shoplifting/Shoplifting052_x264.mp4,2014,0.9557702057350933,0.9378915667816526,0.007269463072914172,-29.26348389920591,1
54,/content/Anomaly_Videos/Shoplifting/Shoplifting052_x264.mp4,2074,0.12471449474417602,0.141944716111688,0.04906473374430554,-9.615363840047117,1
55,/content/Anomaly_Videos/Shoplifting/Shoplifting052_x264.mp4,2104,0.08970853608831039,0.15483613855618145,-0.1867366719101051,-8.227973511687596,1
56,/content/Anomaly_Videos/Shoplifting/Shoplifting052_x264.mp4,2134,0.39162315054669183,0.6180475167539252,0.10154889462910895,15.96291222012564,2
57,/content/Anomaly_Videos/Shoplifting/Shoplifting052_x264.mp4,2164,0.11530455222491214,0.0919154061457306,-0.25148915579206443,-2.411824835794787,1
58,/content/Anomaly_Videos/Shoplifting/Shoplifting052_x264.mp4,2194,0.10797548805383168,0.11030334266696669,-0.07580643624992896,-5.592659319257518,1
59,/content/Anomaly_Videos/Shoplifting/Shoplifting052_x264.mp4,2224,0.45264369596718007,0.6236541614657719,0.48210112448335857,3.1329945905528898,3
60,/content/Anomaly_Videos/Shoplifting/Shoplifting052_x264.mp4,2284,0.4215187769754258,0.5386629783429298,0.005604596029102874,-183.86737073228733,2
61,/content/Anomaly_Videos/Shoplifting/Shoplifting052_x264.mp4,2314,0.5139625762746489,0.5783232514176112,-0.1879297116060928,-29.423737875445994,2
62,/content/Anomaly_Videos/Shoplifting/Shoplifting052_x264.mp4,2344,0.5306730711997626,0.42971052966407963,-0.0049650798032558575,18.57676784832323,1
63,/content/Anomaly_Videos/Shoplifting/Shoplifting052_x264.mp4,2374,0.3718667948271312,0.3335645747276891,-0.12308544967970703,-7.447315084376314,1
64,/content/Anomaly_Videos/Shoplifting/Shoplifting052_x264.mp4,2494,0.43824133238645935,0.40566402826010783,0.1399467769719089,22.885172617974582,1
65,/content/Anomaly_Videos/Shoplifting/Shoplifting052_x264.mp4,2524,0.3807815869566925,0.5055481978032544,-0.05078629441501687,-24.07485364373462,1
66,/content/Anomaly_Videos/Shoplifting/Shoplifting052_x264.mp4,2554,0.41008502786692336,0.49796453963545384,-0.16033284357900038,-22.567724150257487,1
67,/content/Anomaly_Videos/Shoplifting/Shoplifting052_x264.mp4,2584,0.4169737147117798,0.4178263267433138,-0.03031887652992182,331.0177331189098,1
68,/content/Anomaly_Videos/Shoplifting/Shoplifting052_x264.mp4,2614,0.3382376538764066,0.3234813904810361,-0.08353592096540279,-5.812491134809704,1
69,/content/Anomaly_Videos/Shoplifting/Shoplifting052_x264.mp4,2644,0.12889868427051884,0.05704824571156521,0.03579229588905394,-20.643403086964092,1
70,/content/Anomaly_Videos/Shoplifting/Shoplifting052_x264.mp4,2674,0.5038986685903244,0.7069796790724086,-0.09589517787991055,108.5768365958924,2
71,/content/Anomaly_Videos/Shoplifting/Shoplifting052_x264.mp4,2704,0.4859246169793076,0.5857338756815438,0.03571698917324035,13.59357233478174,1
72,/content/Anomaly_Videos/Shoplifting/Shoplifting052_x264.mp4,2734,0.4646798728821743,0.5838288963475537,-0.031725678731621174,-20.249491957207457,1
73,/content/Anomaly_Videos/Shoplifting/Shoplifting052_x264.mp4,2764,0.45685297682402326,0.578496902233113,-0.11928295291424401,-13.516373957741441,1
74,/content/Anomaly_Videos/Shoplifting/Shoplifting052_x264.mp4,2794,0.4208581642266766,0.5962089543797353,0.05073876341416598,57.18588584670908,2
75,/content/Anomaly_Videos/Shoplifting/Shoplifting052_x264.mp4,2824,0.40474517499752116,0.5363925946097534,0.00397792243198141,-20.20647165011815,1
76,/content/Anomaly_Videos/Shoplifting/Shoplifting052_x264.mp4,2854,0.3313949563311542,0.39286128302808365,7.014533877889323e-05,-20.918674137923322,2
77,/content/Anomaly_Videos/Shoplifting/Shoplifting052_x264.mp4,2884,0.4060553797103284,0.5034276754180309,-0.3022016030181044,-7.288182924230329,1
78,/content/Anomaly_Videos/Shoplifting/Shoplifting052_x264.mp4,2944,0.34113075490185485,0.348090913855608,0.11124834823962397,-23.798448411097777,1
79,/content/Anomaly_Videos/Shoplifting/Shoplifting052_x264.mp4,2974,0.06764030434990065,0.12282522720471635,-0.74302681657887,-4.639748379567838,1
80,/content/Anomaly_Videos/Shoplifting/Shoplifting052_x264.mp4,3004,0.11697682990099069,0.15718520543911202,-2.7227686757385143,-4.389985506698446,1
81,/content/Anomaly_Videos/Shoplifting/Shoplifting052_x264.mp4,3034,0.38867521915848346,0.3997116972963554,-3.0697735158876203,-34.19534691381149,1
82,/content/Anomaly_Videos/Shoplifting/Shoplifting052_x264.mp4,3064,0.07255437486808994,0.1471863524176089,0.15441530817797566,-24.723935468895522,1
83,/content/Anomaly_Videos/Shoplifting/Shoplifting052_x264.mp4,3094,0.12424218851997597,0.17708169709635435,0.015597042280201234,-17.816825779057805,1
84,/content/Anomaly_Videos/Shoplifting/Shoplifting052_x264.mp4,3124,0.5334872950798837,0.5713831401443563,0.032208331181545084,-92.78766435132037,1
85,/content/Anomaly_Videos/Shoplifting/Shoplifting052_x264.mp4,3154,0.5202614111290343,0.5574927053056296,-0.013937979992392739,-50.09024179929947,1
86,/content/Anomaly_Videos/Shoplifting/Shoplifting052_x264.mp4,3184,0.5508446145147935,0.6546268721129184,-0.007527510149906781,-40.88766939681138,1
87,/content/Anomaly_Videos/Shoplifting/Shoplifting052_x264.mp4,3214,0.2527521012616572,0.3293383865434787,0.00021424478737229152,-122.01349780570686,2
88,/content/Anomaly_Videos/Shoplifting/Shoplifting052_x264.mp4,3244,0.5162412256206612,0.6120979052708587,-0.06323576551561687,-22.03849331798918,1
89,/content/Anomaly_Videos/Shoplifting/Shoplifting052_x264.mp4,3274,0.28455641276739563,0.4149450548714847,-0.14732404517375697,-10.71816985834183,1
90,/content/Anomaly_Videos/Shoplifting/Shoplifting052_x264.mp4,3304,0.28857436231602207,0.40346280264884843,-0.11507544372440706,-11.725039559344378,1
91,/content/Anomaly_Videos/Shoplifting/Shoplifting052_x264.mp4,3334,0.34698639386110625,0.5247628552771065,0.05315976314898065,-16.08100315948425,1
92,/content/Anomaly_Videos/Shoplifting/Shoplifting052_x264.mp4,3364,0.2594057563141291,0.4655170032604313,-0.6758934583610957,-5.3051188887301395,1
93,/content/Anomaly_Videos/Shoplifting/Shoplifting052_x264.mp4,3394,0.247750895431607,0.3739858028561936,-0.44404481766987247,-9.571772721374456,1
94,/content/Anomaly_Videos/Shoplifting/Shoplifting052_x264.mp4,3424,0.2057707639721033,0.3553981236932019,-0.5505391390600868,-8.96083156327951,1
95,/content/Anomaly_Videos/Shoplifting/Shoplifting052_x264.mp4,3454,0.377949660962455,0.6608084247464564,-0.2219998274832857,-30.661420261107654,1
96,/content/Anomaly_Videos/Shoplifting/Shoplifting052_x264.mp4,3484,0.4360360621346139,0.6893926542076638,-0.19889424423640348,-14.339970304186139,1
97,/content/Anomaly_Videos/Shoplifting/Shoplifting052_x264.mp4,3514,0.2711521174410918,0.29110703726349674,-0.06728940412647795,-90.69910940591542,2
98,/content/Anomaly_Videos/Shoplifting/Shoplifting052_x264.mp4,3544,0.2533568300118238,0.33958933825937426,0.019681800923166366,43.51025774019677,2
99,/content/Anomaly_Videos/Shoplifting/Shoplifting052_x264.mp4,3574,0.22876258797603785,0.3370613631182839,-0.08275591853016027,-38.079967234716584,2
100,/content/Anomaly_Videos/Shoplifting/Shoplifting052_x264.mp4,3604,0.36199779172166874,0.44687210133894745,-0.21322993708032728,-9.560405213641177,1
101,/content/Anomaly_Videos/Shoplifting/Shoplifting052_x264.mp4,3634,0.32692670591772044,0.42069936249577394,-0.03962489376767664,-14.131873211840823,2
102,/content/Anomaly_Videos/Shoplifting/Shoplifting052_x264.mp4,3664,0.3672339880156945,0.512965236315942,-0.03899050010336429,-13.212086545340613,1
103,/content/Anomaly_Videos/Shoplifting/Shoplifting052_x264.mp4,3694,0.3967877050580192,0.5629132135591246,-0.03328956895559272,-13.0013691923881,1
104,/content/Anomaly_Videos/Shoplifting/Shoplifting052_x264.mp4,3724,0.40843062443156003,0.5699766735363145,-0.04525473674977895,-12.341637692695176,1
105,/content/Anomaly_Videos/Shoplifting/Shoplifting052_x264.mp4,3754,0.40596201284639566,0.5388680231049723,-0.10398712955206375,-10.528093165337689,1
106,/content/Anomaly_Videos/Shoplifting/Shoplifting052_x264.mp4,3784,0.47003866539220274,0.6200982190679789,-0.05428718521550291,-15.305891748236816,1
107,/content/Anomaly_Videos/Shoplifting/Shoplifting052_x264.mp4,3814,0.3248415761730409,0.25532690519905826,-0.09077234385879458,-28.984678628171697,2
108,/content/Anomaly_Videos/Shoplifting/Shoplifting052_x264.mp4,3844,0.4257125351903438,0.6483088130820877,-0.03054296885939756,-14.782019629664305,2
109,/content/Anomaly_Videos/Shoplifting/Shoplifting052_x264.mp4,3874,0.1423945842369208,0.23814701173153688,-0.21843137871148768,219.68680131822336,2
110,/content/Anomaly_Videos/Shoplifting/Shoplifting052_x264.mp4,3904,0.47200302901713015,0.6562123472486436,-0.1638351080606303,-9.4135309723791,1
111,/content/Anomaly_Videos/Shoplifting/Shoplifting052_x264.mp4,3934,0.5216245883816528,0.6417591116902056,-0.18171787192718156,-9.780428332987881,2
112,/content/Anomaly_Videos/Shoplifting/Shoplifting052_x264.mp4,3964,0.5605424720378703,0.7206237363107164,0.026380236960392153,-211.2723473798503,1
113,/content/Anomaly_Videos/Shoplifting/Shoplifting052_x264.mp4,3994,0.5789253542724819,0.7058499859537859,-0.03489099952747312,-48.107334511190324,1
114,/content/Anomaly_Videos/Shoplifting/Shoplifting052_x264.mp4,4024,0.5575489142541373,0.7276419437034047,-0.05767144063714991,-76.3498468361458,1
115,/content/Anomaly_Videos/Shoplifting/Shoplifting052_x264.mp4,4054,0.465351383104794,0.7093505135878129,-0.06918509102226443,-31.93396566473469,2
116,/content/Anomaly_Videos/Shoplifting/Shoplifting052_x264.mp4,4084,0.5377687951733429,0.7852470223517064,0.002863309862234729,1088.2421036966302,1
117,/content/Anomaly_Videos/Shoplifting/Shoplifting052_x264.mp4,4144,0.608868113027212,0.755917589940977,-0.10171299217921942,-19.29396404859656,1
118,/content/Anomaly_Videos/Shoplifting/Shoplifting052_x264.mp4,4174,0.6732228409225213,0.7119995298008095,-0.12782196394954354,-32.06363112630349,1
119,/content/Anomaly_Videos/Shoplifting/Shoplifting052_x264.mp4,4234,0.6323015208680546,0.7410698161524308,-0.1759117656707918,-11.24899650641171,1
120,/content/Anomaly_Videos/Shoplifting/Shoplifting052_x264.mp4,4264,0.5712238366844802,0.5194954487386025,-0.07360080275759578,-18.882289862005422,1
121,/content/Anomaly_Videos/Shoplifting/Shoplifting052_x264.mp4,4294,0.4006365362506335,0.4561161148821693,0.09790274614219223,-14.922928946744427,1
122,/content/Anomaly_Videos/Shoplifting/Shoplifting052_x264.mp4,4384,0.005453658440726738,0.058650471962603846,-2.7820755833035617,-4.84641385287536,1
123,/content/Anomaly_Videos/Shoplifting/Shoplifting052_x264.mp4,4414,0.01670622694442451,0.21799570980169186,-2.685889486974147,-21.93089846892411,1
124,/content/Anomaly_Videos/Shoplifting/Shoplifting052_x264.mp4,4444,0.2844552415850212,0.26934836521461264,-3.0523559369173956,-62.752695089707096,1
125,/content/Anomaly_Videos/Shoplifting/Shoplifting052_x264.mp4,4474,0.2910750922967388,0.35105244005378466,-0.2879164245216464,-56.14756082528394,1
126,/content/Anomaly_Videos/Shoplifting/Shoplifting052_x264.mp4,4504,0.3799399369077419,0.5399373737246276,-0.2368514691260287,-17.357452069123646,1
127,/content/Anomaly_Videos/Shoplifting/Shoplifting052_x264.mp4,4534,0.3381231848740689,0.5840641113862803,-0.13131353802145157,-33.2911027124083,1
128,/content/Anomaly_Videos/Shoplifting/Shoplifting052_x264.mp4,4564,0.30286286153384384,0.5551855898414247,-0.024328514915034162,-39.09650466480438,1
129,/content/Anomaly_Videos/Shoplifting/Shoplifting052_x264.mp4,4594,0.24462300328185546,0.5013091232994138,-0.17332354725983912,-35.33215194046831,1
130,/content/Anomaly_Videos/Shoplifting/Shoplifting052_x264.mp4,4624,0.236292873036139,0.48577640956930584,-0.206047246598582,-24.082358219639772,1
131,/content/Anomaly_Videos/Shoplifting/Shoplifting052_x264.mp4,4654,0.24778841279192396,0.4957800985946025,-0.16616112422300394,-22.335207091745993,1
132,/content/Anomaly_Videos/Shoplifting/Shoplifting052_x264.mp4,4684,0.29106799591978183,0.5970652674698393,-0.038385132892440645,-43.44556975293145,1
133,/content/Anomaly_Videos/Shoplifting/Shoplifting052_x264.mp4,4714,0.32026417993996426,0.7079199845404633,0.012802358048087145,-64.02051823333116,1
134,/content/Anomaly_Videos/Shoplifting/Shoplifting052_x264.mp4,4744,0.4694312165348782,0.8241143198283333,-0.023620331169181944,-56.16788992753941,1
135,/content/Anomaly_Videos/Shoplifting/Shoplifting052_x264.mp4,4774,0.34325049905273347,0.41381111869139586,-0.04942965659804804,-25.038764981524363,1
136,/content/Anomaly_Videos/Shoplifting/Shoplifting052_x264.mp4,4804,0.431574418583425,0.482477621165664,-0.03790042130552321,-25.809657509732922,1
137,/content/Anomaly_Videos/Shoplifting/Shoplifting052_x264.mp4,4834,0.43529273754687176,0.46621727663754975,-0.040996556023449385,-20.89676937997565,1
138,/content/Anomaly_Videos/Shoplifting/Shoplifting052_x264.mp4,4864,0.4426125737693678,0.4870145476224852,-0.003529556489409063,-22.247373200509493,1
139,/content/Anomaly_Videos/Shoplifting/Shoplifting052_x264.mp4,4894,0.39311086944296714,0.4198940555996655,0.016075989089287594,-20.006171882381203,1
140,/content/Anomaly_Videos/Shoplifting/Shoplifting052_x264.mp4,4924,0.42217188366474634,0.4596401411674292,0.009221252955459714,-21.61198921187857,1
141,/content/Anomaly_Videos/Shoplifting/Shoplifting052_x264.mp4,4954,0.40584104287242334,0.4335751224350458,-0.006584204044024934,-17.732979563510597,1
142,/content/Anomaly_Videos/Shoplifting/Shoplifting052_x264.mp4,4984,0.3927722590470506,0.43172737532156585,-0.007262464932202626,-17.56159538770181,1
143,/content/Anomaly_Videos/Shoplifting/Shoplifting052_x264.mp4,5014,0.17969800545630343,0.14923732896993103,-0.20708235464656036,-3.7512613691944745,2
144,/content/Anomaly_Videos/Shoplifting/Shoplifting052_x264.mp4,5044,0.14931859808761433,0.14705149165994513,-2.8743805284788104,-5.963405772417564,2
145,/content/Anomaly_Videos/Shoplifting/Shoplifting052_x264.mp4,5074,0.42412347087778157,0.40803904673206903,-0.07349536414607453,-6.184374395878038,1
146,/content/Anomaly_Videos/Shoplifting/Shoplifting052_x264.mp4,5104,0.41208735741206387,0.39478967853824587,-0.057107488090227296,-7.140100848393042,1
147,/content/Anomaly_Videos/Shoplifting/Shoplifting052_x264.mp4,5134,0.37081395097045844,0.3858128014274249,-0.1064232113656537,-8.725948146203487,1
148,/content/Anomaly_Videos/Shoplifting/Shoplifting052_x264.mp4,5164,0.3313538755953673,0.41452201803416466,-0.07670467209857568,-14.567685042784525,1
149,/content/Anomaly_Videos/Shoplifting/Shoplifting052_x264.mp4,5194,0.3468209527371322,0.43470394518768285,-0.09641301823435375,-14.847168101141289,1
150,/content/Anomaly_Videos/Shoplifting/Shoplifting052_x264.mp4,5224,0.3728085888648261,0.4588646808728074,-0.1340578354419426,-14.458011545744572,1
151,/content/Anomaly_Videos/Shoplifting/Shoplifting052_x264.mp4,5254,0.5964084909052388,0.6935672495467725,-0.10614236562097253,-24.030290630276273,1
152,/content/Anomaly_Videos/Shoplifting/Shoplifting052_x264.mp4,5284,0.5610638896971685,0.7214002269961673,-0.04640774520087267,-50.801013371796806,1
153,/content/Anomaly_Videos/Shoplifting/Shoplifting052_x264.mp4,5314,1.1174012008048562,1.4378873203480775,-0.17793477387139497,-11.487454408336012,2
154,/content/Anomaly_Videos/Shoplifting/Shoplifting052_x264.mp4,5344,0.5198968746531744,0.9909697000071277,-0.1775658202599189,-34.27826512297336,1
155,/content/Anomaly_Videos/Shoplifting/Shoplifting052_x264.mp4,5374,0.7747561557227642,0.5929091790405993,-0.35637608015409233,-2.4618389053638268,2
156,/content/Anomaly_Videos/Shoplifting/Shoplifting052_x264.mp4,5434,0.5671900189675857,0.6803229626820098,-0.15965818000647436,-12.168026573544887,2
157,/content/Anomaly_Videos/Shoplifting/Shoplifting052_x264.mp4,5464,1.230507654334029,1.516006265148576,-0.1252131204150356,-11.886216862984238,2
158,/content/Anomaly_Videos/Shoplifting/Shoplifting052_x264.mp4,5494,2.211490974410966,2.3890442918455923,0.11762597801330055,12.416179120126506,1
159,/content/Anomaly_Videos/Shoplifting/Shoplifting052_x264.mp4,5584,0.45396464079519167,0.693923072164092,-0.09366010426981305,-27.625877436003414,1
160,/content/Anomaly_Videos/Shoplifting/Shoplifting052_x264.mp4,5614,0.5283362755660025,0.7082071055358842,-0.12057910266046223,-17.060342222616747,1
161,/content/Anomaly_Videos/Shoplifting/Shoplifting052_x264.mp4,5644,0.5795740767805985,0.7410910991136751,-0.13038488744491072,-17.76645577479511,1
162,/content/Anomaly_Videos/Shoplifting/Shoplifting052_x264.mp4,5674,0.4866902832771902,0.5963752075914277,-0.5739418698654218,-5.7008269475432565,1
163,/content/Anomaly_Videos/Shoplifting/Shoplifting052_x264.mp4,5704,0.6807906451278769,0.8060872329809391,-0.4500531835828708,-7.031443964093584,1
164,/content/Anomaly_Videos/Shoplifting/Shoplifting052_x264.mp4,5734,0.6755382904792105,0.7757866805638711,-0.3111086163153931,-8.68632730092557,1
165,/content/Anomaly_Videos/Shoplifting/Shoplifting052_x264.mp4,5764,0.5838314533092391,0.7885225008201457,-0.28334683708507,-10.71416842178901,1
166,/content/Anomaly_Videos/Shoplifting/Shoplifting052_x264.mp4,5794,0.3394586582207562,0.34721720043888454,-0.012631738394778793,-29.40931335473127,2
167,/content/Anomaly_Videos/Shoplifting/Shoplifting052_x264.mp4,5824,0.7655417361231365,0.8394894247009377,-0.04191240103130576,-19.319756118466643,1
168,/content/Anomaly_Videos/Shoplifting/Shoplifting052_x264.mp4,5854,0.8345044119083311,1.2099699182361268,-0.13376151458292293,92.91945123198747,1
169,/content/Anomaly_Videos/Shoplifting/Shoplifting052_x264.mp4,5914,3.229289421578735,4.052358315608573,-0.32234647773556574,-40.25927721701983,2
170,/content/Anomaly_Videos/Shoplifting/Shoplifting052_x264.mp4,5974,0.44702377584404007,0.6454892036228959,-0.3363909721292044,-7.203322986719684,1
171,/content/Anomaly_Videos/Shoplifting/Shoplifting052_x264.mp4,6004,0.4522272051686969,0.6087998619753945,-0.19878418496228104,-20.200835774485988,1
172,/content/Anomaly_Videos/Shoplifting/Shoplifting052_x264.mp4,6034,0.4218763140090392,0.5759251559558526,0.0257644097197014,8.889848460817666,1
173,/content/Anomaly_Videos/Shoplifting/Shoplifting052_x264.mp4,6064,0.46612247756320646,0.6115978701156402,0.036715957411416505,15.100454109682035,1
174,/content/Anomaly_Videos/Shoplifting/Shoplifting052_x264.mp4,6124,0.3882599844873774,0.5033076551760707,-0.06212098217142929,-13.42611708652055,1
175,/content/Anomaly_Videos/Shoplifting/Shoplifting052_x264.mp4,6154,0.07157219472858364,0.13893015011000961,-0.395324105653413,15.723776206560093,2
176,/content/Anomaly_Videos/Shoplifting/Shoplifting052_x264.mp4,6184,0.26474481448274584,0.23426057506978526,-0.22345172809781294,-6.282835428917184,2
177,/content/Anomaly_Videos/Shoplifting/Shoplifting052_x264.mp4,6214,0.5659314354269387,1.1677132282887006,0.18112546131632823,5.480637461479906,2
178,/content/Anomaly_Videos/Shoplifting/Shoplifting052_x264.mp4,6244,0.33902551904851613,0.4647453377738139,-2.851075020093118,-22.09933880773941,2
179,/content/Anomaly_Videos/Shoplifting/Shoplifting052_x264.mp4,6274,0.22979589599912256,0.39530686458976455,-0.34261259010581097,-7.078202840081486,1
180,/content/Anomaly_Videos/Shoplifting/Shoplifting052_x264.mp4,6364,0.4092924720448201,0.5601189582769204,0.22838335431104811,54.95363677074017,2
181,/content/Anomaly_Videos/Shoplifting/Shoplifting052_x264.mp4,6394,0.6216084381041644,0.9669276245368664,0.4815665349431476,23.564000844261805,2
182,/content/Anomaly_Videos/Shoplifting/Shoplifting052_x264.mp4,6424,0.8133759510859138,1.0241600784721288,0.2408047697842889,5.270373145553501,2
183,/content/Anomaly_Videos/Shoplifting/Shoplifting052_x264.mp4,6454,0.5887998538990681,0.8847346874435337,0.23619365093136277,28.54014119520668,2
184,/content/Anomaly_Videos/Shoplifting/Shoplifting052_x264.mp4,6484,1.0264259599778993,0.9643470149093912,-0.20005776279033102,35.10166225828794,3
185,/content/Anomaly_Videos/Shoplifting/Shoplifting052_x264.mp4,6514,1.436282343556142,1.1025602217108639,-0.468946942191101,76.15560154408081,1
186,/content/Anomaly_Videos/Shoplifting/Shoplifting052_x264.mp4,6574,0.8555350112266925,1.2482197081493434,-2.763980740442916,-10.041607364357164,3
187,/content/Anomaly_Videos/Shoplifting/Shoplifting052_x264.mp4,6604,0.9303235031686798,1.011603862080017,-3.1291646979859977,-19.827630460518165,2
188,/content/Anomaly_Videos/Shoplifting/Shoplifting052_x264.mp4,6634,1.2068956999447806,1.5071158260696034,-3.0946798114433283,-1.9500486062868532,1
189,/content/Anomaly_Videos/Shoplifting/Shoplifting052_x264.mp4,6664,0.9331817071783473,0.9054789671612334,3.120795898585619,-63.219991366930664,1
190,/content/Anomaly_Videos/Shoplifting/Shoplifting052_x264.mp4,6694,0.7294921969113416,0.6948927626531725,2.8856220701691213,-16.1410616047364,3
191,/content/Anomaly_Videos/Shoplifting/Shoplifting052_x264.mp4,6724,0.27631261236104787,0.1462354490679476,2.9468210123801897,1.6678384494228193,1
192,/content/Anomaly_Videos/Shoplifting/Shoplifting052_x264.mp4,6814,0.1319777843557853,0.14523228281294737,-3.0730531421922342,182.18031376026659,4
193,/content/Anomaly_Videos/Shoplifting/Shoplifting052_x264.mp4,6844,0.0523380531974908,0.14599444491631663,2.983337172640902,19.135709135207644,2
194,/content/Anomaly_Videos/Shoplifting/Shoplifting052_x264.mp4,6874,0.22765164849127173,0.29715825838782556,-3.107335589704011,-941.429740111315,4
195,/content/Anomaly_Videos/Shoplifting/Shoplifting052_x264.mp4,7084,0.25546457268469785,0.31657224058536226,-0.04331923532453981,-79.49233483857559,1
196,/content/Anomaly_Videos/Shoplifting/Shoplifting052_x264.mp4,7114,0.2694776728976891,0.5496052801320829,-0.14187974090214098,-30.842458672613148,1
197,/content/Anomaly_Videos/Shoplifting/Shoplifting052_x264.mp4,7144,0.17022779334188795,0.18754485197557058,-0.2755497493841427,-38.42560287332447,1
198,/content/Anomaly_Videos/Shoplifting/Shoplifting052_x264.mp4,7534,1.1894092314518807,1.5329650304429692,-3.0980268284515016,-16.787696563065122,2
199,/content/Anomaly_Videos/Shoplifting/Shoplifting052_x264.mp4,7564,0.9524316102596738,1.1650631238723799,-2.9063224583858887,-37.15078816064484,2
200,/content/Anomaly_Videos/Shoplifting/Shoplifting040_x264.mp4,32,0.5321504193884824,0.5982566228336803,0.01633786376960046,2673.7028728586006,2
201,/content/Anomaly_Videos/Shoplifting/Shoplifting040_x264.mp4,182,0.3783082998023873,0.3774524445794018,-0.03180089621257462,-15.98277999373231,6
202,/content/Anomaly_Videos/Shoplifting/Shoplifting040_x264.mp4,212,0.9203713538813089,1.1489214447532918,0.06614382329267088,15.53725358585766,5
203,/content/Anomaly_Videos/Shoplifting/Shoplifting040_x264.mp4,242,0.4886138771346037,0.20314229923036115,-0.2223745188596935,-1.0031984946040624,4
204,/content/Anomaly_Videos/Shoplifting/Shoplifting040_x264.mp4,332,0.49935874527712387,0.7350950339693891,2.0877234241830136,3.398258186052801,5
205,/content/Anomaly_Videos/Shoplifting/Shoplifting040_x264.mp4,362,0.45790300502072523,0.6376244564202543,2.043103987898041,3.231193262196212,1
206,/content/Anomaly_Videos/Shoplifting/Shoplifting040_x264.mp4,392,0.2801515513068309,0.3937202547314955,2.7313021548942205,7.387140983216512,4
207,/content/Anomaly_Videos/Shoplifting/Shoplifting040_x264.mp4,422,0.5312582902569079,0.6003076617539886,2.8721348233003288,6.513607467551407,3
208,/content/Anomaly_Videos/Shoplifting/Shoplifting040_x264.mp4,542,0.7188833269766212,1.0269346912191144,2.7350462405227582,4.936760890062524,4
209,/content/Anomaly_Videos/Shoplifting/Shoplifting040_x264.mp4,572,0.32254191236574176,0.3608682321480793,-0.13432996006663306,-46.50835224297862,5
210,/content/Anomaly_Videos/Shoplifting/Shoplifting040_x264.mp4,602,0.8158889285120587,0.6323190008819389,-0.05439131324395515,-11.371488355443924,4
211,/content/Anomaly_Videos/Shoplifting/Shoplifting040_x264.mp4,632,0.9748584300277428,0.8248488011609818,-0.16571320869573936,18.810612306939994,5
212,/content/Anomaly_Videos/Shoplifting/Shoplifting040_x264.mp4,662,0.46627747378237744,0.6515846555330344,-0.04882994984048317,-42.941955321553955,5
213,/content/Anomaly_Videos/Shoplifting/Shoplifting040_x264.mp4,812,0.3073517735526316,0.11144240498559299,-0.02790545463372385,64.73334833648757,2
214,/content/Anomaly_Videos/Shoplifting/Shoplifting040_x264.mp4,842,0.5268536945946765,0.4800882285508601,-0.023965489784654362,-26.115758565368143,2
215,/content/Anomaly_Videos/Shoplifting/Shoplifting040_x264.mp4,872,0.23587076746178648,0.388092362950097,-0.03788354887343314,20.06734019337852,2
216,/content/Anomaly_Videos/Shoplifting/Shoplifting040_x264.mp4,902,0.40745051611809896,0.32768156617697125,0.23145073967859106,437.9847366929048,3
217,/content/Anomaly_Videos/Shoplifting/Shoplifting040_x264.mp4,932,0.29176791120878093,0.521122874750317,-2.788860273264245,53.372755217795095,2
218,/content/Anomaly_Videos/Shoplifting/Shoplifting040_x264.mp4,962,0.8176221825737542,0.8459004186796361,-0.04831087496622359,25.774878023346353,2
219,/content/Anomaly_Videos/Shoplifting/Shoplifting040_x264.mp4,992,1.653712339130066,1.4640818591503906,0.008433353587969846,37.97582232959141,3
220,/content/Anomaly_Videos/Shoplifting/Shoplifting040_x264.mp4,1022,2.255551457447114,2.247664992568049,-0.02614613449792864,-71.70263136309326,4
221,/content/Anomaly_Videos/Shoplifting/Shoplifting040_x264.mp4,1052,1.6951591362519833,1.8152107166393951,-0.05592433441695331,-10.233205157019965,1
222,/content/Anomaly_Videos/Shoplifting/Shoplifting040_x264.mp4,1082,0.15585350746205212,0.11293640639024553,-3.121716980106461,12.953045100615466,5
223,/content/Anomaly_Videos/Shoplifting/Shoplifting040_x264.mp4,1112,0.8563966627827472,1.0726271028675998,0.03237206246209335,20.830787617839515,2
224,/content/Anomaly_Videos/Shoplifting/Shoplifting040_x264.mp4,1292,0.33396262558468015,0.45070805178019274,-0.012940299998873745,44.19832560412124,2
225,/content/Anomaly_Videos/Shoplifting/Shoplifting040_x264.mp4,1382,0.13698195729802795,0.16839608230260714,0.792054753403852,3.0222112179532457,2
226,/content/Anomaly_Videos/Shoplifting/Shoplifting040_x264.mp4,1412,0.1334329774247445,0.3084793768782858,0.8855042711960475,5.8588049330282175,1
227,/content/Anomaly_Videos/Shoplifting/Shoplifting040_x264.mp4,1442,0.11151989942757586,0.0513569644403148,-0.9138488009448823,-0.9741163844174285,2
228,/content/Anomaly_Videos/Shoplifting/Shoplifting040_x264.mp4,1472,0.27114765565755533,0.15694031915467319,-0.8870197202022373,-1.114415707319886,4
229,/content/Anomaly_Videos/Shoplifting/Shoplifting040_x264.mp4,1502,0.4303321819885909,0.5060491612555138,-0.5550822082095862,-3.7623473435990573,1
230,/content/Anomaly_Videos/Shoplifting/Shoplifting040_x264.mp4,1532,0.5046017333849285,0.8197511873080501,0.11121457296879902,48.43542738713995,3
231,/content/Anomaly_Videos/Shoplifting/Shoplifting040_x264.mp4,1562,0.42305505037155117,0.3804347087218908,-0.02107603454201085,-26.89667715452986,5
232,/content/Anomaly_Videos/Shoplifting/Shoplifting040_x264.mp4,1592,0.5611693284749296,0.33827978157850025,-0.1822844425381314,-4.831017979484977,2
233,/content/Anomaly_Videos/Shoplifting/Shoplifting040_x264.mp4,1622,0.29158525438679056,0.22428013427583,-0.03868103383866271,-11.949557805121165,1
234,/content/Anomaly_Videos/Shoplifting/Shoplifting040_x264.mp4,1862,0.46501134235050645,0.6377400979599773,-0.014591250711494403,-94.52693148984626,2
235,/content/Anomaly_Videos/Shoplifting/Shoplifting040_x264.mp4,1892,0.2258172215089131,0.3492007068736095,-0.5303764986354282,-4.552605262354371,3
236,/content/Anomaly_Videos/Shoplifting/Shoplifting040_x264.mp4,1922,0.09560727236410364,0.24951415966967144,-1.625418058139776,-0.7972236077473823,3
237,/content/Anomaly_Videos/Shoplifting/Shoplifting040_x264.mp4,1952,0.09938058145687975,0.11472311119380549,-0.2132685918344521,-1.66612259651102,1
238,/content/Anomaly_Videos/Shoplifting/Shoplifting040_x264.mp4,1982,0.22634680383605477,0.2845583922017141,3.0438368997990266,26.238513935591495,3
239,/content/Anomaly_Videos/Shoplifting/Shoplifting040_x264.mp4,2012,0.9591414082849506,0.7942521365762597,-0.06292468533874512,-101.98640461205139,1
240,/content/Anomaly_Videos/Shoplifting/Shoplifting040_x264.mp4,2192,0.7903684089422873,0.9534717176701246,0.1047463411173226,16.65175597000454,1
241,/content/Anomaly_Videos/Shoplifting/Shoplifting040_x264.mp4,2222,0.36606150440207874,0.6921601620928204,0.023190902916312015,43.18929073370994,2
242,/content/Anomaly_Videos/Shoplifting/Shoplifting040_x264.mp4,2282,0.10448297934914105,0.1833583107229923,-0.10581516629927229,-13.544536862127188,2
243,/content/Anomaly_Videos/Shoplifting/Shoplifting040_x264.mp4,2312,0.5447766323994006,0.5428807168761726,-3.075902112741166,-14.336407250451778,2
244,/content/Anomaly_Videos/Shoplifting/Shoplifting040_x264.mp4,2342,0.4757146769812746,0.6173221828794608,0.10215841489226726,25.029840698915898,3
245,/content/Anomaly_Videos/Shoplifting/Shoplifting040_x264.mp4,2372,0.5744304769320031,0.7459933866475951,0.061811557638548065,-33.91345348669609,1
246,/content/Anomaly_Videos/Shoplifting/Shoplifting040_x264.mp4,2402,0.02733588438389052,0.20234535864895578,-2.4881668263865726,-7.406710713991795,3
247,/content/Anomaly_Videos/Shoplifting/Shoplifting040_x264.mp4,2432,0.5268042414511359,0.6038972524272259,-0.10308946317684377,-25.981353637358847,3
248,/content/Anomaly_Videos/Shoplifting/Shoplifting040_x264.mp4,2642,0.2837546270439561,0.3602529684890508,-0.16195299084273593,-7.585203517710398,2
249,/content/Anomaly_Videos/Shoplifting/Shoplifting040_x264.mp4,2672,0.0492645800357066,0.032781378765096375,-0.4089302537773804,-1.1648373242511632,1
250,/content/Anomaly_Videos/Shoplifting/Shoplifting040_x264.mp4,2732,0.24320990844409945,0.3985714316138246,0.02132975092398306,-23.785395297336564,2
251,/content/Anomaly_Videos/Shoplifting/Shoplifting040_x264.mp4,2762,0.07785893434173906,0.03191866759189469,-0.019035701002219386,-5.0510416116112875,2
252,/content/Anomaly_Videos/Shoplifting/Shoplifting040_x264.mp4,3272,0.34866077195350925,0.40809621045180544,3.138123153175847,-44.911901104026775,2
253,/content/Anomaly_Videos/Shoplifting/Shoplifting040_x264.mp4,3302,0.27578768524476416,0.24770643635774114,0.007512471546345109,-30.292528322007122,1
254,/content/Anomaly_Videos/Shoplifting/Shoplifting040_x264.mp4,3332,0.07773596234308697,0.23741514435690456,-2.858211489399897,-9.425735850261649,3
255,/content/Anomaly_Videos/Shoplifting/Shoplifting040_x264.mp4,3572,0.1308622958581695,0.13792401127019488,-1.274368751588651,-1.8750306325051425,4
256,/content/Anomaly_Videos/Shoplifting/Shoplifting040_x264.mp4,3602,0.5214485658842672,0.5774170912200952,-3.136664792226137,12.896135514926133,4
257,/content/Anomaly_Videos/Shoplifting/Shoplifting040_x264.mp4,3632,0.24263790819487693,0.32366891123940394,3.010884246157605,6.7391722219925985,4
258,/content/Anomaly_Videos/Shoplifting/Shoplifting040_x264.mp4,3662,0.5153388665079557,0.7938352411574334,3.1273028781939956,-46.798524571611516,2
259,/content/Anomaly_Videos/Shoplifting/Shoplifting040_x264.mp4,3692,0.11764211480402594,0.17089284543664374,-0.005884392171665116,-20.853652932605893,3
260,/content/Anomaly_Videos/Shoplifting/Shoplifting040_x264.mp4,3722,0.6802275800049752,0.7502211701751699,0.004953962584892611,105.9533530296276,4
261,/content/Anomaly_Videos/Shoplifting/Shoplifting040_x264.mp4,3752,0.3361897060727249,0.5712579845322424,1.0082180205030131,3.2939201729912506,3
262,/content/Anomaly_Videos/Shoplifting/Shoplifting040_x264.mp4,3782,0.10093573357479554,0.2267349420352026,-2.9944074537230714,-36.13478510213612,2
263,/content/Anomaly_Videos/Shoplifting/Shoplifting040_x264.mp4,3812,0.40192503821316533,0.5208541309032352,-2.9566771672823693,-14.163039810331174,3
264,/content/Anomaly_Videos/Shoplifting/Shoplifting040_x264.mp4,3842,0.2613896153025973,0.3600227482052076,3.0640374432055064,-45.575854656219086,2
265,/content/Anomaly_Videos/Shoplifting/Shoplifting040_x264.mp4,3872,0.4395271443516403,0.4354649675277213,2.4942384516182896,2.071603188900839,4
266,/content/Anomaly_Videos/Shoplifting/Shoplifting040_x264.mp4,3902,0.6743273486192081,0.9862392068665101,3.059563029744791,37.81629156571859,5
267,/content/Anomaly_Videos/Shoplifting/Shoplifting040_x264.mp4,3932,0.48470202590434597,0.5563480079890966,3.054289213196668,72.00998839846166,1
268,/content/Anomaly_Videos/Shoplifting/Shoplifting040_x264.mp4,4022,0.11510910206264952,0.1790317087724808,0.3419641518212307,19.773107375120176,4
269,/content/Anomaly_Videos/Shoplifting/Shoplifting040_x264.mp4,4052,0.2614057015183768,0.3705074399416397,0.12927331215609134,54.63703991375547,2
270,/content/Anomaly_Videos/Shoplifting/Shoplifting040_x264.mp4,4082,0.4660801764855731,0.4932806465506016,0.12641524297824802,27.48693373211163,2
271,/content/Anomaly_Videos/Shoplifting/Shoplifting040_x264.mp4,4112,0.7002762963417885,0.6609031403121601,0.039617683505786955,20.269183117406527,2
272,/content/Anomaly_Videos/Shoplifting/Shoplifting040_x264.mp4,4142,0.42945631797006173,0.40451870819673547,-0.09771630124131862,-98.6065984287566,1
273,/content/Anomaly_Videos/Shoplifting/Shoplifting040_x264.mp4,4292,0.6967522809197434,0.8113444362941765,0.0025335019261095324,92.73179956472266,4
274,/content/Anomaly_Videos/Shoplifting/Shoplifting040_x264.mp4,4352,0.7272861906286502,0.7932876953837775,-0.05009566256192789,-31.77145786875682,2
275,/content/Anomaly_Videos/Shoplifting/Shoplifting040_x264.mp4,4382,0.3386131158282129,0.19665130692281932,-3.0430550905752103,-46.598421696088174,2
276,/content/Anomaly_Videos/Shoplifting/Shoplifting040_x264.mp4,4412,0.44486215466939844,0.6667661860354289,0.1872697992667018,-2.721334365919968,5
277,/content/Anomaly_Videos/Shoplifting/Shoplifting040_x264.mp4,4442,0.5156983765501886,0.7187016189148537,0.08475845577601578,35.44017958464623,3
278,/content/Anomaly_Videos/Shoplifting/Shoplifting040_x264.mp4,4472,0.33959234439687924,0.34201376083208834,-0.0939045220656184,-73.13423240740114,3
279,/content/Anomaly_Videos/Shoplifting/Shoplifting040_x264.mp4,4502,0.6063705108724291,0.6016209657455047,-0.041694748182854464,-26.827428555893817,2
280,/content/Anomaly_Videos/Shoplifting/Shoplifting040_x264.mp4,4532,0.4404646937872312,0.9699423080612906,1.8451085850769235,2.4334543749885977,6
281,/content/Anomaly_Videos/Shoplifting/Shoplifting040_x264.mp4,4562,0.5239423990179969,0.36904670687934477,2.649049501387431,2.3458436438246815,3
282,/content/Anomaly_Videos/Shoplifting/Shoplifting040_x264.mp4,4592,0.4622283248676615,0.7177453853858023,1.4851046218002641,2.2789960621168626,2
283,/content/Anomaly_Videos/Shoplifting/Shoplifting040_x264.mp4,4622,1.3385666882009561,1.5925652720149794,-3.059183818311174,-12.344445474438684,4
284,/content/Anomaly_Videos/Shoplifting/Shoplifting040_x264.mp4,4652,1.0657893129592189,1.915517056164097,-3.030840917260318,-16.417458361489697,1
285,/content/Anomaly_Videos/Shoplifting/Shoplifting040_x264.mp4,4772,0.8320714699360855,1.1500617913407878,0.05171779620273465,46.235329141497196,4
286,/content/Anomaly_Videos/Shoplifting/Shoplifting040_x264.mp4,4802,0.7538513884409724,0.8310930743647102,-3.1306726738535025,22.396796511072054,3
287,/content/Anomaly_Videos/Shoplifting/Shoplifting040_x264.mp4,4832,0.793321158519678,1.0678589897268347,-3.0669180984505076,-21.637119481778818,1
288,/content/Anomaly_Videos/Shoplifting/Shoplifting040_x264.mp4,4892,0.006049788598082946,0.16518076712772511,1.8550357623132627,6.221045102386917,2
289,/content/Anomaly_Videos/Shoplifting/Shoplifting040_x264.mp4,4922,0.9684369779043837,1.026431465142246,3.052127563654467,-490.67307955003224,4
290,/content/Anomaly_Videos/Shoplifting/Shoplifting040_x264.mp4,4952,0.40269708490254186,0.5472223603661204,2.896613595578651,16.17380749684172,1
291,/content/Anomaly_Videos/Shoplifting/Shoplifting040_x264.mp4,4982,0.3679310701830275,0.6327014507958933,2.8425130642394834,10.574194808335134,1
292,/content/Anomaly_Videos/Shoplifting/Shoplifting040_x264.mp4,5012,0.4318291442136191,0.6610956652367824,3.0068452076639844,13.580160398296368,2
293,/content/Anomaly_Videos/Shoplifting/Shoplifting040_x264.mp4,5042,0.13970418349117278,0.18519077883778004,0.09311753140512156,-10.034867685024707,2
294,/content/Anomaly_Videos/Shoplifting/Shoplifting040_x264.mp4,5072,0.45445725299317796,0.5996182444869097,3.1181918220714353,112.64430341739946,2
295,/content/Anomaly_Videos/Shoplifting/Shoplifting040_x264.mp4,5192,0.568137838960904,0.5626189485934165,-3.028190614857487,-15.909315134199566,3
296,/content/Anomaly_Videos/Shoplifting/Shoplifting040_x264.mp4,5252,0.8049233822948574,0.9719370497680556,-3.129999779084323,-126.69050172566666,4
297,/content/Anomaly_Videos/Shoplifting/Shoplifting040_x264.mp4,5282,0.8062591053403804,0.9629098989327114,-3.1058560057580733,-21.79239103532206,3
298,/content/Anomaly_Videos/Shoplifting/Shoplifting040_x264.mp4,5312,0.30393947471671146,0.46541260405150875,-3.1143565019151764,-24.39385863932044,1
299,/content/Anomaly_Videos/Shoplifting/Shoplifting040_x264.mp4,5342,0.7114102070373199,0.702721422953973,3.1243464132055223,-19.608712704856917,4
300,/content/Anomaly_Videos/Shoplifting/Shoplifting040_x264.mp4,5372,0.5803964377396719,0.5128858957891955,3.1091772403807014,22.14825771606018,3
301,/content/Anomaly_Videos/Shoplifting/Shoplifting040_x264.mp4,5522,0.17877263084210038,0.2033910158552949,0.24029974027121354,7.10107953169879,3
302,/content/Anomaly_Videos/Shoplifting/Shoplifting040_x264.mp4,5612,0.27140981259918096,0.29348794144134366,2.969798649869294,8.850192117644221,4
303,/content/Anomaly_Videos/Shoplifting/Shoplifting040_x264.mp4,5642,0.12061626707357867,0.12985772527422793,2.9434698977559473,-10.588440791681379,1
304,/content/Anomaly_Videos/Shoplifting/Shoplifting040_x264.mp4,6122,0.5483506744438551,0.6760741740261458,-0.19146556222754385,-11.599359473526322,3
305,/content/Anomaly_Videos/Shoplifting/Shoplifting040_x264.mp4,6152,1.024708717956416,1.463267776178334,-0.09061650400449876,-97.0599194518035,2
306,/content/Anomaly_Videos/Shoplifting/Shoplifting040_x264.mp4,6182,0.4273931382842391,0.35058648336566883,-0.1104581647547867,26.030328807968743,3
307,/content/Anomaly_Videos/Shoplifting/Shoplifting040_x264.mp4,6212,0.4604310905355738,0.8033951247886041,-0.7989142224468586,-26.56096499835528,3
308,/content/Anomaly_Videos/Shoplifting/Shoplifting040_x264.mp4,6332,0.38859621209577283,0.503984330978174,-3.104846643916813,40.10631507231706,2
309,/content/Anomaly_Videos/Shoplifting/Shoplifting040_x264.mp4,6362,0.044486400887890305,0.08362958888345146,2.2408735371031976,4.419582749353047,2
310,/content/Anomaly_Videos/Shoplifting/Shoplifting040_x264.mp4,6392,0.5303893365868063,0.5365320528943084,0.013097364977983656,144.10492503531958,2
311,/content/Anomaly_Videos/Shoplifting/Shoplifting040_x264.mp4,6422,0.6037336008787747,0.6203974325085319,-0.004863199209196419,61.335315653251115,2
312,/content/Anomaly_Videos/Shoplifting/Shoplifting040_x264.mp4,6452,0.2496098280827527,0.22411805533205245,0.2188751595668265,7.935565004465343,2
313,/content/Anomaly_Videos/Shoplifting/Shoplifting040_x264.mp4,6482,0.16902866048984982,0.25555589574120813,0.9997752294226181,3.709923965604684,2
314,/content/Anomaly_Videos/Shoplifting/Shoplifting040_x264.mp4,6512,0.3111971388609156,0.4595076701112822,0.02759417471232633,-98.1183825471704,3
315,/content/Anomaly_Videos/Shoplifting/Shoplifting040_x264.mp4,6542,0.8811255454332474,1.0724598604348894,0.16068624135049644,21.9520265210176,3
316,/content/Anomaly_Videos/Shoplifting/Shoplifting040_x264.mp4,6572,0.5528070898444013,0.7392434213765994,0.014903246911634577,31.18511897545467,2
317,/content/Anomaly_Videos/Shoplifting/Shoplifting040_x264.mp4,6602,0.44860662761832604,0.6003762721686324,0.1521558335473457,23.957782570464104,1
318,/content/Anomaly_Videos/Shoplifting/Shoplifting040_x264.mp4,6632,0.33327013065821404,0.3292835751903502,0.10744094033385185,11.776448785512908,2
319,/content/Anomaly_Videos/Shoplifting/Shoplifting040_x264.mp4,6662,0.39943746524793605,0.3701570897646812,0.05182404664271426,15.092656241283601,2
320,/content/Anomaly_Videos/Shoplifting/Shoplifting040_x264.mp4,6692,0.4121323861573218,0.417812197926635,0.07012342116777653,40.39745210639703,2
321,/content/Anomaly_Videos/Shoplifting/Shoplifting040_x264.mp4,6812,0.2739066460109213,0.4706035007363628,0.0006477142492264177,-70.38293232371872,2
322,/content/Anomaly_Videos/Shoplifting/Shoplifting040_x264.mp4,6842,0.10970841526482374,0.1194853363232103,1.4953777542696258,1.6220031793283551,1
323,/content/Anomaly_Videos/Shoplifting/Shoplifting040_x264.mp4,6872,0.09614066161893006,0.1325629128618103,1.8135751203943928,2.1009701926661566,1
324,/content/Anomaly_Videos/Shoplifting/Shoplifting040_x264.mp4,6962,0.1685322322855391,0.07112005370119939,-0.6924080721685736,-1.8125531719418342,4
325,/content/Anomaly_Videos/Shoplifting/Shoplifting040_x264.mp4,6992,1.0446489871850895,1.2107863095335136,-0.1105625989389483,-12.767448527565866,2
326,/content/Anomaly_Videos/Shoplifting/Shoplifting040_x264.mp4,7022,0.7628799265492788,0.7324533503448759,-0.1694534239325929,-7.222462060581709,2
327,/content/Anomaly_Videos/Shoplifting/Shoplifting040_x264.mp4,7052,0.9132883473740057,0.8643493387344374,-0.08319394884855708,-17.583435253510682,3
328,/content/Anomaly_Videos/Shoplifting/Shoplifting040_x264.mp4,7082,1.093671657606213,1.2091025487888356,-0.07739262717266043,-34.237150338872894,4
329,/content/Anomaly_Videos/Shoplifting/Shoplifting040_x264.mp4,7112,2.0540107190823815,2.754140953679418,-0.08585622714123098,-89.84060054892983,4
330,/content/Anomaly_Videos/Shoplifting/Shoplifting040_x264.mp4,7142,2.8473243182844565,2.916139140055224,-0.124401554787672,-8.56687972757429,3
331,/content/Anomaly_Videos/Shoplifting/Shoplifting040_x264.mp4,7172,4.185961104399394,2.03327796584821,0.01281840200535859,-6460.746897931068,2
332,/content/Anomaly_Videos/Shoplifting/Shoplifting040_x264.mp4,7202,9.791406809871066,11.828628876292216,0.006739777292672975,-67.2494326085308,4
333,/content/Anomaly_Videos/Shoplifting/Shoplifting040_x264.mp4,7232,12.346895815703775,12.014256719305422,-0.0041711655610646575,-123.61994400540097,2
334,/content/Anomaly_Videos/Shoplifting/Shoplifting040_x264.mp4,7292,0.1217962182237125,0.04500082910900583,0.10543594199390555,3.345476029152068,4
335,/content/Anomaly_Videos/Shoplifting/Shoplifting040_x264.mp4,7322,0.4754712010162953,0.5370350612974845,-0.062295308284943667,-16.31354252490252,4
336,/content/Anomaly_Videos/Shoplifting/Shoplifting040_x264.mp4,7352,0.434732658803269,0.5629384532285173,-0.1260600020484644,-8.514194041595584,4
337,/content/Anomaly_Videos/Shoplifting/Shoplifting040_x264.mp4,7382,0.4869384982025511,0.48391457660360976,0.16699699358637035,-17.599237343115522,4
338,/content/Anomaly_Videos/Shoplifting/Shoplifting040_x264.mp4,7472,0.3585189941323574,0.5810962835722012,-0.1336194636781208,-28.887308857412282,2
339,/content/Anomaly_Videos/Shoplifting/Shoplifting040_x264.mp4,7502,0.34030523767042226,0.44984503353251676,-0.23602052170945803,-86.04365708734483,3
340,/content/Anomaly_Videos/Shoplifting/Shoplifting040_x264.mp4,7532,0.39876276435208446,0.471110050992714,-0.2267144601437936,-9.338980127603904,4
341,/content/Anomaly_Videos/Shoplifting/Shoplifting040_x264.mp4,7622,0.3215113189747433,0.38014004266686885,0.1671164597033453,4.86982745260987,5
342,/content/Anomaly_Videos/Shoplifting/Shoplifting040_x264.mp4,7832,0.1408042327711551,0.20918458705810977,0.5539228932060425,5.867021633863907,4
343,/content/Anomaly_Videos/Shoplifting/Shoplifting040_x264.mp4,7862,0.2005625920347174,0.22724372289288003,0.2957628505747289,11.513065265933236,4
344,/content/Anomaly_Videos/Shoplifting/Shoplifting040_x264.mp4,7892,0.20524098777823277,0.19260450645781346,0.07201218190727805,16.261315992331387,4
345,/content/Anomaly_Videos/Shoplifting/Shoplifting040_x264.mp4,7922,1.003102902514236,1.159918413060796,-0.07142856671074792,487.82216379971413,5
346,/content/Anomaly_Videos/Shoplifting/Shoplifting040_x264.mp4,7952,1.3352990323013627,1.051715404388715,-0.11727109984593068,-3.5772498661854017,2
347,/content/Anomaly_Videos/Shoplifting/Shoplifting040_x264.mp4,7982,0.37263436736150235,0.5178326922915941,0.08233249121039973,57.04505624166996,2
348,/content/Anomaly_Videos/Shoplifting/Shoplifting040_x264.mp4,8012,0.28136448927372953,0.4220462294791795,0.09420389292303362,21.531984345246403,4
349,/content/Anomaly_Videos/Shoplifting/Shoplifting040_x264.mp4,8042,0.3129061046707568,0.48685087305627345,0.18342800060457073,12.111042956608554,4
350,/content/Anomaly_Videos/Shoplifting/Shoplifting040_x264.mp4,8072,0.34554868783386006,0.517168717087208,0.016047689676789424,-38.85995734062603,4
351,/content/Anomaly_Videos/Shoplifting/Shoplifting040_x264.mp4,8102,0.8465722572839601,1.036976353976248,-0.1089672823047559,-21.61973818770532,4
352,/content/Anomaly_Videos/Shoplifting/Shoplifting040_x264.mp4,8132,1.3574371779955723,1.146594886418741,-0.02597348167576835,-34.267485987699125,2
353,/content/Anomaly_Videos/Shoplifting/Shoplifting040_x264.mp4,8162,0.03324107972822784,0.019840384207717783,-0.8567033246358772,7.729215886682536,3
354,/content/Anomaly_Videos/Shoplifting/Shoplifting040_x264.mp4,8192,0.14597368095695987,0.17401262755092392,0.08782998515023419,9.82545557060489,3
355,/content/Anomaly_Videos/Shoplifting/Shoplifting040_x264.mp4,8222,0.2557908824558684,0.3339808551637395,0.23454402948589942,8.409642253830192,4
356,/content/Anomaly_Videos/Shoplifting/Shoplifting040_x264.mp4,8672,0.338317557302732,0.4302384097767251,3.136909783267693,12.403241338028886,1
357,/content/Anomaly_Videos/Shoplifting/Shoplifting040_x264.mp4,8702,0.15421859955026443,0.16662072873567585,-2.956259471223899,108.00053918812527,1
358,/content/Anomaly_Videos/Shoplifting/Shoplifting040_x264.mp4,8732,0.17554582695727877,0.2168293857627383,-2.915038604469752,-13.103593571341863,1
359,/content/Anomaly_Videos/Shoplifting/Shoplifting040_x264.mp4,8762,0.09562062316738879,0.12044651557601976,-2.8263713189287714,-3.493929986381801,1
360,/content/Anomaly_Videos/Shoplifting/Shoplifting040_x264.mp4,8792,0.21435012876167417,0.20145376070190396,-2.9972860213821813,6.833260732707569,2
361,/content/Anomaly_Videos/Shoplifting/Shoplifting040_x264.mp4,8822,0.3819893354195883,0.5469803629967435,2.9637046369168356,18.545449525400286,1
362,/content/Anomaly_Videos/Shoplifting/Shoplifting040_x264.mp4,8912,0.35866082331487553,0.5616108362028396,-2.3198166208185187,-3.104068961922419,2
363,/content/Anomaly_Videos/Shoplifting/Shoplifting040_x264.mp4,9062,0.468854012130871,0.6645367652508793,-0.04814303832479262,83.07559275845203,2
364,/content/Anomaly_Videos/Shoplifting/Shoplifting040_x264.mp4,9092,0.5227235689184634,1.0091165328589562,-0.10399876768260602,-61.46098569292972,2
365,/content/Anomaly_Videos/Shoplifting/Shoplifting040_x264.mp4,9122,0.39507278975933485,0.38482805729034897,-0.1407468847432878,-14.910241793615356,1
366,/content/Anomaly_Videos/Shoplifting/Shoplifting040_x264.mp4,9152,0.5604466012488748,0.34887671510067375,-0.2693809165393064,-3.27639056565928,2
367,/content/Anomaly_Videos/Shoplifting/Shoplifting040_x264.mp4,9182,0.574845465532938,1.239540681993991,-0.5220909366910402,-5.2786065487994716,3
368,/content/Anomaly_Videos/Shoplifting/Shoplifting040_x264.mp4,9212,1.6899556927435144,1.7838998123663448,-0.16399086396917484,-8.501303357254994,1
369,/content/Anomaly_Videos/Shoplifting/Shoplifting040_x264.mp4,9602,0.4728521564875302,0.6049164464761698,-0.03811669918621087,-30.957550817445444,4
370,/content/Anomaly_Videos/Shoplifting/Shoplifting040_x264.mp4,9632,0.5924230970963343,0.7587296361387076,0.06634694037350777,-86.57610293815932,4
371,/content/Anomaly_Videos/Shoplifting/Shoplifting040_x264.mp4,9662,0.5971869953457714,0.6476794678823725,0.019998517970317865,-6569.684601830488,2
372,/content/Anomaly_Videos/Shoplifting/Shoplifting040_x264.mp4,10202,2.068435902972804,1.6792405565962234,1.8472948594294392,1.3181098571094647,3
373,/content/Anomaly_Videos/Shoplifting/Shoplifting040_x264.mp4,10262,0.21744680650868373,0.049070630215651424,-0.2857532612642956,-0.6445795176579961,5
374,/content/Anomaly_Videos/Shoplifting/Shoplifting040_x264.mp4,10292,2.051244165937086,2.252396459978734,-0.03754865392169894,-22.872723816806428,4
375,/content/Anomaly_Videos/Shoplifting/Shoplifting040_x264.mp4,10322,0.645480427677894,3.0382329058259963,-0.6017082096218012,-11.526552591395115,3
376,/content/Anomaly_Videos/Shoplifting/Shoplifting040_x264.mp4,10352,3.876297154793155,3.1628635306739685,-0.047116498203546936,-23.336589754425873,2
377,/content/Anomaly_Videos/Shoplifting/Shoplifting040_x264.mp4,10472,0.3426573860780947,0.5941221543409293,-1.4514848602804074,-2.7708572761437917,1
378,/content/Anomaly_Videos/Shoplifting/Shoplifting040_x264.mp4,10712,0.5993901336480552,0.5710130375006743,-0.030460062355374642,-9.287562307040812,4
379,/content/Anomaly_Videos/Shoplifting/Shoplifting040_x264.mp4,10742,0.38176357753143475,0.24419940752770838,-0.022805504674930914,-3.661508370613807,2
380,/content/Anomaly_Videos/Shoplifting/Shoplifting040_x264.mp4,10802,0.4612536707784238,0.5332287340932564,0.08331553660749277,57.432534807045954,2
381,/content/Anomaly_Videos/Shoplifting/Shoplifting040_x264.mp4,10862,1.7896325273560947,1.7974959754605009,-0.060570815132363696,81.43579602132104,3
382,/content/Anomaly_Videos/Shoplifting/Shoplifting040_x264.mp4,10892,1.7126979004087814,1.7763721086938309,0.05019058390648314,-434.84560762127757,2
383,/content/Anomaly_Videos/Shoplifting/Shoplifting040_x264.mp4,10922,1.1087663568762174,1.0943344787175944,-0.11101872063189233,150.76768760422812,2
384,/content/Anomaly_Videos/Shoplifting/Shoplifting040_x264.mp4,10952,3.198761946645373,2.704279399223281,-0.10475119523630007,-20.891019083655294,2
385,/content/Anomaly_Videos/Shoplifting/Shoplifting040_x264.mp4,10982,1.6542196554428334,5.061627586682496,-0.22066861215161682,51.87108421861773,2
386,/content/Anomaly_Videos/Shoplifting/Shoplifting040_x264.mp4,11012,0.03256781049271067,0.07595772752805481,-0.8914192928553949,-2.8433776266660455,3
387,/content/Anomaly_Videos/Shoplifting/Shoplifting040_x264.mp4,11042,0.07940986934491878,0.19293767022139616,-2.1187990177529477,-6.200235538991191,2
388,/content/Anomaly_Videos/Shoplifting/Shoplifting040_x264.mp4,11072,0.47667858085252635,0.5287096799728148,0.28405565619158485,3.7583847085519815,2
389,/content/Anomaly_Videos/Shoplifting/Shoplifting040_x264.mp4,11102,0.44854915699811476,0.11745946782033659,-0.2561329329371039,-9.029539702657742,3
390,/content/Anomaly_Videos/Shoplifting/Shoplifting040_x264.mp4,11132,0.9310141669285685,0.9845304011608237,-0.06693201554451197,-939.7860263337386,1
391,/content/Anomaly_Videos/Shoplifting/Shoplifting040_x264.mp4,11372,0.3576339049464188,0.45980671947643303,0.054340906818926664,-216.12855884648317,2
392,/content/Anomaly_Videos/Shoplifting/Shoplifting040_x264.mp4,11402,0.7861800241173273,0.8466627031161693,-0.037000234951817035,-8.618271102446755,3
393,/content/Anomaly_Videos/Shoplifting/Shoplifting040_x264.mp4,11432,0.6307476957594206,1.0194678071703533,-0.0065511953297377225,-67.34269202519614,1
394,/content/Anomaly_Videos/Shoplifting/Shoplifting040_x264.mp4,11462,0.14157289730301068,0.17428001722835512,-0.4976341699387952,-5.120159235537646,3
395,/content/Anomaly_Videos/Shoplifting/Shoplifting040_x264.mp4,11492,0.1416231667376545,0.148296719469296,-0.4946370849211821,-2.725877027560855,3
396,/content/Anomaly_Videos/Shoplifting/Shoplifting040_x264.mp4,11522,0.4047937241116134,0.5134064397051803,-0.1859457906691301,-18.78993293091103,2
397,/content/Anomaly_Videos/Shoplifting/Shoplifting040_x264.mp4,11552,0.37789679808858134,0.661553316568274,-0.08927991431388396,-39.76861545588273,4
398,/content/Anomaly_Videos/Shoplifting/Shoplifting040_x264.mp4,11582,0.2807678276836565,0.5935939632182381,0.593338310841784,10.324977851834486,4
399,/content/Anomaly_Videos/Shoplifting/Shoplifting040_x264.mp4,11702,0.630522113455259,0.8546730543191281,2.902371913141217,68.33415671064562,3
400,/content/Anomaly_Videos/Shoplifting/Shoplifting040_x264.mp4,11732,0.9042958575293581,1.0685370917257588,-3.0473368347867598,-10.990493538212977,3
401,/content/Anomaly_Videos/Shoplifting/Shoplifting040_x264.mp4,11972,0.05561142035522935,0.027095133801264888,-2.010961507395349,-0.8062457624565139,2
402,/content/Anomaly_Videos/Shoplifting/Shoplifting040_x264.mp4,12032,0.48947486498792553,0.37404184034857035,-3.0872254443643836,46.92785699325088,4
403,/content/Anomaly_Videos/Shoplifting/Shoplifting040_x264.mp4,12062,0.37133744557594756,0.43155791186735737,0.19285830396026654,26.61263637933581,4
404,/content/Anomaly_Videos/Shoplifting/Shoplifting040_x264.mp4,12092,0.6407458516855499,0.8523004703592298,-0.052134363980662395,-46.77414097151006,6
405,/content/Anomaly_Videos/Shoplifting/Shoplifting040_x264.mp4,12122,0.8501083695375969,0.9613043197830398,-0.07957266426936553,137.84152862067222,3
406,/content/Anomaly_Videos/Shoplifting/Shoplifting040_x264.mp4,12152,0.3571925783746773,0.1775294019652384,-0.15088127203012716,6.111193663868613,2
407,/content/Anomaly_Videos/Shoplifting/Shoplifting040_x264.mp4,12182,0.44974036989868243,0.6834924385988517,-0.060056773330009486,-8.101953775913852,4
408,/content/Anomaly_Videos/Shoplifting/Shoplifting040_x264.mp4,12212,0.4127060104584375,0.21833143050580675,-0.11373950622329906,-3.5128137555093724,5
409,/content/Anomaly_Videos/Shoplifting/Shoplifting040_x264.mp4,12242,0.07858211348870864,0.5952397784784241,1.2563879287821058,-100.21742870227875,5
410,/content/Anomaly_Videos/Shoplifting/Shoplifting040_x264.mp4,12272,2.1503134977937197,2.0308172739793755,-0.03158012826709397,-17.31343756965891,3
411,/content/Anomaly_Videos/Shoplifting/Shoplifting040_x264.mp4,12302,1.674858454411217,4.023854048129474,-0.6810611851058327,-23.761963339667567,2
412,/content/Anomaly_Videos/Shoplifting/Shoplifting040_x264.mp4,12332,0.9990246333689161,1.2333215992279398,-3.046132984969569,516.7499842093946,3
413,/content/Anomaly_Videos/Shoplifting/Shoplifting040_x264.mp4,12362,0.7030023877922346,0.7482418407028344,3.106352245682911,20.078011013046428,2
414,/content/Anomaly_Videos/Shoplifting/Shoplifting040_x264.mp4,12602,0.38073459796578657,0.1853443616689361,0.2356354442525513,2.6418605989642288,4
415,/content/Anomaly_Videos/Shoplifting/Shoplifting040_x264.mp4,12632,1.0390273802210592,1.5367821730731128,-0.10095674869911894,936.8455529449147,4
416,/content/Anomaly_Videos/Shoplifting/Shoplifting040_x264.mp4,12662,0.28348530434866825,0.42948405288353264,2.605379954252084,3.728060424548825,6
417,/content/Anomaly_Videos/Shoplifting/Shoplifting040_x264.mp4,12692,0.5095782414949016,0.9301346509085454,-0.9350885860572261,-3.768586849629413,4
418,/content/Anomaly_Videos/Shoplifting/Shoplifting040_x264.mp4,12722,0.9164668220820343,1.8395972714316473,-0.15548623748862828,-17.96919876000215,3
419,/content/Anomaly_Videos/Shoplifting/Shoplifting040_x264.mp4,12752,0.29783210975644786,0.34060856625284586,-0.03175509688159842,-509.94676846995407,6
420,/content/Anomaly_Videos/Shoplifting/Shoplifting040_x264.mp4,12782,0.3454362503201375,0.25959457492699656,-0.3737320737861878,-6.416477974639794,5
421,/content/Anomaly_Videos/Shoplifting/Shoplifting040_x264.mp4,12812,0.5308306555312543,0.3445902118915802,-0.17175242886429418,-5.314570704542145,1
422,/content/Anomaly_Videos/Shoplifting/Shoplifting040_x264.mp4,12842,0.4973628659052633,0.6065154733528499,-0.001780843625942321,-532.5608993449001,5
423,/content/Anomaly_Videos/Shoplifting/Shoplifting040_x264.mp4,12872,0.6336375205545897,0.9309779766598799,-0.1778230585597535,-15.953247706136857,4
424,/content/Anomaly_Videos/Shoplifting/Shoplifting040_x264.mp4,12902,0.3572896774959942,0.2676014877140715,0.03541442657801121,14.231760078171593,4
425,/content/Anomaly_Videos/Shoplifting/Shoplifting040_x264.mp4,12932,0.3596911308046334,0.511213415571811,-0.08699941404341383,-19.19188419434147,5
426,/content/Anomaly_Videos/Shoplifting/Shoplifting040_x264.mp4,12962,0.3611757941264787,0.41289068758189473,-0.122941038060753,-20.223974664255042,5
427,/content/Anomaly_Videos/Shoplifting/Shoplifting040_x264.mp4,12992,0.5585126883739018,0.6065434608561406,-0.030623962674230194,-19.243124583828493,4
428,/content/Anomaly_Videos/Shoplifting/Shoplifting040_x264.mp4,13022,1.673129785200709,2.390564505425208,-0.004210346036855903,57.92530397441317,3
429,/content/Anomaly_Videos/Shoplifting/Shoplifting040_x264.mp4,13142,0.5974582462400415,0.8740671275143314,-0.4291614618649565,-4.646203646776638,3
430,/content/Anomaly_Videos/Shoplifting/Shoplifting040_x264.mp4,13172,0.4759016488996172,0.7110118386218951,0.05506498856046679,-62.51499722305205,3
431,/content/Anomaly_Videos/Shoplifting/Shoplifting040_x264.mp4,13202,0.2721255577564443,0.32056220858993145,-0.10477301656332987,-11.356112702866056,5
432,/content/Anomaly_Videos/Shoplifting/Shoplifting040_x264.mp4,13232,0.39537418158984555,0.39938312511318624,-0.24390887651548673,-8.707921958292332,2
433,/content/Anomaly_Videos/Shoplifting/Shoplifting040_x264.mp4,13262,0.4753079453555404,0.25378419094283616,-0.8919050587246597,-6.180315198153081,1
434,/content/Anomaly_Videos/Shoplifting/Shoplifting040_x264.mp4,13412,0.1335489601396452,0.13007904141418694,0.14430302795398584,2.667294278470338,4
435,/content/Anomaly_Videos/Shoplifting/Shoplifting040_x264.mp4,13442,0.23190870781683445,0.2836268707726527,2.9796138565101566,-17.428119847187094,6
436,/content/Anomaly_Videos/Shoplifting/Shoplifting040_x264.mp4,13472,0.8420697914475437,0.2813475667905217,-0.11264737748318994,-7.50395671304323,5
437,/content/Anomaly_Videos/Shoplifting/Shoplifting040_x264.mp4,13502,0.6905512936242401,0.4786606587265639,-0.09987743759191943,-5.230293905274096,4
438,/content/Anomaly_Videos/Shoplifting/Shoplifting040_x264.mp4,13532,1.7390793927589685,1.71044690370786,-0.15446502767226877,-43.05221072030084,5
439,/content/Anomaly_Videos/Shoplifting/Shoplifting040_x264.mp4,13562,1.4879103670795573,1.9983506334365742,-0.027909010070854667,-25.900430315394846,4
440,/content/Anomaly_Videos/Shoplifting/Shoplifting040_x264.mp4,13592,2.161775802155601,2.7409392260657937,-0.24302122509525736,-21.59884786863084,2
441,/content/Anomaly_Videos/Shoplifting/Shoplifting040_x264.mp4,13622,13.44686109465709,11.410879765059168,-0.030852715641093056,-1357.8273559381164,4
442,/content/Anomaly_Videos/Shoplifting/Shoplifting040_x264.mp4,13652,11.218986730193667,31.454045172973267,-0.21438692055540562,-42.563679605742294,2
443,/content/Anomaly_Videos/Shoplifting/Shoplifting040_x264.mp4,13682,0.7547394916682327,1.3555829227072946,2.901966819899063,-40.630618600105024,4
444,/content/Anomaly_Videos/Shoplifting/Shoplifting040_x264.mp4,13712,0.7815586349132142,0.7631393446956195,-0.2371620107349046,-16.934129766180902,7
445,/content/Anomaly_Videos/Shoplifting/Shoplifting040_x264.mp4,13772,1.4132870315177026,1.5906896824241588,3.1294194907842394,-100.14012904691,2
446,/content/Anomaly_Videos/Shoplifting/Shoplifting040_x264.mp4,13802,2.4038388825642296,2.8880548630273557,2.9974970250359765,13.121995702922366,3
447,/content/Anomaly_Videos/Shoplifting/Shoplifting040_x264.mp4,14012,0.4558396219128634,0.7154572323804143,-0.10244986935530581,-27.67586059539005,1
448,/content/Anomaly_Videos/Shoplifting/Shoplifting040_x264.mp4,14042,0.38119044445384104,0.4692079028908233,3.124456848238739,80.51799007544844,1
449,/content/Anomaly_Videos/Shoplifting/Shoplifting040_x264.mp4,14102,0.5108751493662224,0.39281902795166207,0.029065716083943555,-58.716598042204474,1
450,/content/Anomaly_Videos/Shoplifting/Shoplifting040_x264.mp4,14132,0.4961349961407797,0.33843385466130205,-3.1025847195539913,44.52093841976925,1
451,/content/Anomaly_Videos/Shoplifting/Shoplifting040_x264.mp4,14222,1.1278702529413946,1.1984159984245502,-0.00019331460456357546,-57.02624133073249,3
452,/content/Anomaly_Videos/Shoplifting/Shoplifting040_x264.mp4,14252,3.6246828802739453,5.499273293837293,0.0176329346292098,-30.91533725614193,3
453,/content/Anomaly_Videos/Shoplifting/Shoplifting040_x264.mp4,14282,3.134619075353789,3.9256374513562293,-0.06630131202622765,-27.664990162060523,2
454,/content/Anomaly_Videos/Shoplifting/Shoplifting040_x264.mp4,14312,4.392616422573224,3.3793169914862244,-0.0122639518376657,-26.37227144026956,1
455,/content/Anomaly_Videos/Shoplifting/Shoplifting040_x264.mp4,14402,0.2734315478978494,0.33512633449525037,0.03289091661384458,58.75331805358677,1
456,/content/Anomaly_Videos/Shoplifting/Shoplifting040_x264.mp4,14492,0.1101963034841564,0.14717743444666154,0.11104477652501162,20.25758652602914,1
457,/content/Anomaly_Videos/Shoplifting/Shoplifting040_x264.mp4,14642,0.43241520561051955,0.6205349016784008,-0.013410148361578562,-62.96706190347828,2
458,/content/Anomaly_Videos/Shoplifting/Shoplifting040_x264.mp4,14702,0.7064993151059563,0.643441588958006,-3.0987556260880798,36.624795661854726,3
459,/content/Anomaly_Videos/Shoplifting/Shoplifting040_x264.mp4,14732,1.2101804254772537,1.6379989651506,3.107268016588084,-1121.5386869407048,1
460,/content/Anomaly_Videos/Shoplifting/Shoplifting040_x264.mp4,14882,0.3961141602837697,0.5026852548469478,-0.017446018688967977,-24.737288704047735,2
461,/content/Anomaly_Videos/Shoplifting/Shoplifting040_x264.mp4,14912,0.43927820199469436,0.603761711006922,-0.045802127646262035,-136.08620574055817,2
462,/content/Anomaly_Videos/Shoplifting/Shoplifting040_x264.mp4,14942,0.8561821097315729,1.0306843215427446,-0.09692993592661477,-15.151726114570232,1
463,/content/Anomaly_Videos/Shoplifting/Shoplifting040_x264.mp4,14972,0.8181916539638464,1.053972016588784,-0.03579496280543893,-54.498573578001775,2
464,/content/Anomaly_Videos/Shoplifting/Shoplifting040_x264.mp4,15002,0.8832816131214692,0.9613393744414762,-0.03713467364487182,-53.88377177190292,2
465,/content/Anomaly_Videos/Shoplifting/Shoplifting040_x264.mp4,15032,1.030248030882911,1.4630509858154908,-0.1282647548168451,-46.97029072462882,2
466,/content/Anomaly_Videos/Shoplifting/Shoplifting040_x264.mp4,15062,1.0676201731544621,1.5125393504913494,0.476882892486214,-127.341974907631,2
467,/content/Anomaly_Videos/Shoplifting/Shoplifting040_x264.mp4,15092,5.3216058822466,5.606468603451112,-0.1515309665346237,-9.882322601918203,1
468,/content/Anomaly_Videos/Shoplifting/Shoplifting040_x264.mp4,15122,2.8191639429902904,3.011629012553668,-0.04651313133778629,-24.988551142277036,1
469,/content/Anomaly_Videos/Shoplifting/Shoplifting040_x264.mp4,15152,2.9533312002159757,3.5791926555362688,0.0340089578349155,-299.4419370464434,1
470,/content/Anomaly_Videos/Shoplifting/Shoplifting040_x264.mp4,15182,2.6603102249377244,3.874761047296757,0.060735568452856284,205.09232174504655,1
471,/content/Anomaly_Videos/Shoplifting/Shoplifting040_x264.mp4,15212,3.1024382783630804,4.711174735224028,0.07236577575876574,69.89059854719213,1
472,/content/Anomaly_Videos/Shoplifting/Shoplifting040_x264.mp4,15242,1.9954305042278164,3.300256196757784,0.10035100584199597,98.24185782175984,1
473,/content/Anomaly_Videos/Shoplifting/Shoplifting040_x264.mp4,15272,2.415509315900077,3.374411132801411,0.09652459123608764,41.604733048057646,1
474,/content/Anomaly_Videos/Shoplifting/Shoplifting040_x264.mp4,15962,0.171696594885983,0.23056961392573916,-3.088585996277118,-30.8368738037039,1
475,/content/Anomaly_Videos/Shoplifting/Shoplifting040_x264.mp4,16532,0.31160732871008867,0.40849460166728807,-0.03315688799526408,-35.46235827664011,2
476,/content/Anomaly_Videos/Shoplifting/Shoplifting040_x264.mp4,16562,0.3431891370460948,0.345090860088762,-0.039436590010608286,-38.44398339531832,3
477,/content/Anomaly_Videos/Shoplifting/Shoplifting040_x264.mp4,16592,0.10403344788751555,0.2327095278639991,-0.12331131103604288,-36.229670798254794,2
478,/content/Anomaly_Videos/Shoplifting/Shoplifting040_x264.mp4,16622,0.2576312252310024,0.3558999119337052,0.00812625326389958,-671.2393566289416,1
479,/content/Anomaly_Videos/Shoplifting/Shoplifting040_x264.mp4,16682,0.21394518195611342,0.17123059503461066,0.004290000501392532,69.80373414419124,1
480,/content/Anomaly_Videos/Shoplifting/Shoplifting040_x264.mp4,16712,0.30329593420038226,0.29890481811729913,-0.020654961256311093,-57.40669673912508,1
481,/content/Anomaly_Videos/Shoplifting/Shoplifting040_x264.mp4,16802,0.34011603312282285,0.3963037473311506,0.011149244039639516,-42.86001141355081,2
482,/content/Anomaly_Videos/Shoplifting/Shoplifting040_x264.mp4,16832,0.3578082592977763,0.515514211824256,0.018506430413270738,84.48990175297753,1
483,/content/Anomaly_Videos/Shoplifting/Shoplifting040_x264.mp4,16862,0.15799020396671046,0.1905751982786869,-0.042851797992834256,-14.850643482255373,1
484,/content/Anomaly_Videos/Shoplifting/Shoplifting040_x264.mp4,16892,0.21818371166487913,0.24030348500649162,0.010381580170720162,18.751039372984593,1
485,/content/Anomaly_Videos/Shoplifting/Shoplifting040_x264.mp4,17102,0.1587016813851552,0.17388413646435952,-0.12586943553001018,-22.246476657155114,1
486,/content/Anomaly_Videos/Shoplifting/Shoplifting040_x264.mp4,17192,0.3719798131436328,0.4929913542442169,-0.031230311533584822,-102.19086989001006,1
487,/content/Anomaly_Videos/Shoplifting/Shoplifting040_x264.mp4,17222,0.2609489760037633,0.2708710867753374,-0.10292615698608343,-9.16392300786553,1
488,/content/Anomaly_Videos/Shoplifting/Shoplifting040_x264.mp4,17252,0.35256689928903917,0.3592346966100023,0.0010111426848858484,-38.76655067100931,1
489,/content/Anomaly_Videos/Shoplifting/Shoplifting040_x264.mp4,17282,0.30723959157861025,0.3210768706144038,-0.01929998325359336,-30.953501797997482,1
490,/content/Anomaly_Videos/Shoplifting/Shoplifting040_x264.mp4,17312,0.4262404715366911,0.7061391689216995,-0.050913331760213724,-81.64129089496895,2
491,/content/Anomaly_Videos/Shoplifting/Shoplifting040_x264.mp4,17342,0.34198285331944894,0.3995936261376787,-0.07538973455440821,-16.224852710713595,1
492,/content/Anomaly_Videos/Shoplifting/Shoplifting040_x264.mp4,17372,0.36009215027740465,0.38536083596303194,-0.0811762363382295,-17.057171305343964,1
493,/content/Anomaly_Videos/Shoplifting/Shoplifting040_x264.mp4,17402,0.3203698165232085,0.5331551530198977,0.02649617711920599,-31.02654264084564,2
494,/content/Anomaly_Videos/Shoplifting/Shoplifting040_x264.mp4,17432,0.31890725119887037,0.3855906728578708,-0.1215949600007986,-19.44903495316528,1
495,/content/Anomaly_Videos/Shoplifting/Shoplifting040_x264.mp4,17462,0.12915977205327056,0.287727647940429,-1.2685295045386378,-4.952553648309826,1
496,/content/Anomaly_Videos/Shoplifting/Shoplifting040_x264.mp4,17492,0.11117402422098627,0.05211459836109848,-0.3498814178437343,-8.321796522732333,1
497,/content/Anomaly_Videos/Shoplifting/Shoplifting040_x264.mp4,17522,0.1826146149939686,0.21083457780142845,-0.12341881250006682,-38.4246247071714,1
498,/content/Anomaly_Videos/Shoplifting/Shoplifting040_x264.mp4,17552,0.13770612596557155,0.1789081003848336,0.04726765281049521,11.31825973161953,1
499,/content/Anomaly_Videos/Shoplifting/Shoplifting040_x264.mp4,17612,0.2160649384623636,0.2203767125107189,-0.06263646480770291,-16.223163833570567,1
500,/content/Anomaly_Videos/Shoplifting/Shoplifting040_x264.mp4,17672,0.32600100806401316,0.5188340944930342,-0.3396219448909655,-8.687845848600867,2
501,/content/Anomaly_Videos/Shoplifting/Shoplifting040_x264.mp4,17702,0.28572429134135297,0.43848842298565327,-0.12281915899401477,-22.68050624827057,2
502,/content/Anomaly_Videos/Shoplifting/Shoplifting040_x264.mp4,17732,0.35143077230581216,0.49088061979067443,-0.21261847109673224,-7.202617927847989,2
503,/content/Anomaly_Videos/Shoplifting/Shoplifting040_x264.mp4,17762,0.6697790643395439,0.7129982785519516,-0.22798022325145903,-7.346606131541224,1
504,/content/Anomaly_Videos/Shoplifting/Shoplifting040_x264.mp4,17852,0.40210634481641355,0.333728233876855,-0.046197034965688284,-33.74200772615135,1
505,/content/Anomaly_Videos/Shoplifting/Shoplifting040_x264.mp4,17882,0.41697526069021973,0.499740514531772,-0.058819262739705135,-1033.3708703088282,1
506,/content/Anomaly_Videos/Shoplifting/Shoplifting040_x264.mp4,17912,0.3026376088808067,0.45027540353369644,-0.10234604053748655,-52.130545705663685,1
507,/content/Anomaly_Videos/Shoplifting/Shoplifting040_x264.mp4,17942,0.38289432164137854,0.6140782629040291,-0.13497576006533896,-30.775482601610936,2
508,/content/Anomaly_Videos/Shoplifting/Shoplifting040_x264.mp4,17972,0.3068776979153467,0.3861656180913774,-0.06354676296203197,-39.36484318849788,2
509,/content/Anomaly_Videos/Shoplifting/Shoplifting040_x264.mp4,18002,0.17178088712809905,0.14632456302908758,-0.024916135994670633,-25.984163425626384,2
510,/content/Anomaly_Videos/Shoplifting/Shoplifting040_x264.mp4,18032,0.22644469254297686,0.257684082969725,-0.13048127596338818,-11.104431064473287,2
511,/content/Anomaly_Videos/Shoplifting/Shoplifting040_x264.mp4,18062,0.5661951981863914,0.8221202178122589,0.003422618207665175,-30.12113294680511,1
512,/content/Anomaly_Videos/Shoplifting/Shoplifting040_x264.mp4,18092,0.4653862545958812,0.6112068470602133,-0.9693728496052069,-3.419399846011591,1
513,/content/Anomaly_Videos/Shoplifting/Shoplifting040_x264.mp4,18122,0.293716086827135,0.5573572983394349,-1.14985507743595,-3.764481297939011,1
514,/content/Anomaly_Videos/Shoplifting/Shoplifting040_x264.mp4,19502,0.024826124855070648,0.08051503442794358,0.3713004652573877,7.673141093726297,1
515,/content/Anomaly_Videos/Shoplifting/Shoplifting040_x264.mp4,20312,0.2575190370331838,0.42278909881837695,3.0327219618606405,18.438637599338836,1
516,/content/Anomaly_Videos/Shoplifting/Shoplifting040_x264.mp4,20342,0.23064806130435594,0.3254274994315553,2.9275961331676763,11.912995319265685,1
517,/content/Anomaly_Videos/Shoplifting/Shoplifting040_x264.mp4,20372,0.35264497667458156,0.5332721180652888,2.9252377253485737,14.193114784658142,1
518,/content/Anomaly_Videos/Shoplifting/Shoplifting040_x264.mp4,20402,0.07471212940907172,0.06478090765815196,2.6523894742982392,39.7856055809232,2
519,/content/Anomaly_Videos/Shoplifting/Shoplifting040_x264.mp4,20432,0.17042803550140906,0.3014944742686544,0.15838909979243,55.84122670065031,1
520,/content/Anomaly_Videos/Shoplifting/Shoplifting040_x264.mp4,20492,0.20095399847568785,0.36452569710714366,3.011439452424829,35.19584236504731,1
521,/content/Anomaly_Videos/Shoplifting/Shoplifting040_x264.mp4,20522,0.16285112686244965,0.18853287353072698,2.751124638484187,9.915212014418614,2
522,/content/Anomaly_Videos/Shoplifting/Shoplifting040_x264.mp4,20552,0.24928685751580076,0.40262890624907915,-3.0965339576765243,-19.430970004888817,2
523,/content/Anomaly_Videos/Shoplifting/Shoplifting040_x264.mp4,20582,0.3402930102874633,0.4975087694369936,3.03612500320384,30.820373536931243,2
524,/content/Anomaly_Videos/Shoplifting/Shoplifting040_x264.mp4,20642,0.31603965539907736,0.5472247642036491,2.9911832477807785,14.053794179111037,2
525,/content/Anomaly_Videos/Shoplifting/Shoplifting040_x264.mp4,20672,0.6312328950627307,0.8292469954902257,3.009173580399316,18.1925308204227,1
526,/content/Anomaly_Videos/Shoplifting/Shoplifting040_x264.mp4,20702,0.39239165371442697,0.5468657867052233,3.1126373597422714,4188.967207653674,2
527,/content/Anomaly_Videos/Shoplifting/Shoplifting040_x264.mp4,20732,0.802481647689826,1.1077538056021448,3.0724070556706278,39.08950057926249,2
528,/content/Anomaly_Videos/Shoplifting/Shoplifting040_x264.mp4,20762,0.45617650174068997,0.689982090770337,3.079044918021436,152.90045236197096,1
529,/content/Anomaly_Videos/Shoplifting/Shoplifting040_x264.mp4,20792,0.6970164982209713,1.0116062535652333,3.041085713388909,58.977128113849666,2
530,/content/Anomaly_Videos/Shoplifting/Shoplifting040_x264.mp4,21452,0.6733164472283335,1.0946232725801752,0.006699012988255829,-140.98086257680154,1
531,/content/Anomaly_Videos/Shoplifting/Shoplifting040_x264.mp4,21482,0.15963600646817439,0.1285434099858242,-0.20841813048862218,-5.424209369268513,1
532,/content/Anomaly_Videos/Shoplifting/Shoplifting040_x264.mp4,21512,0.36425000779261785,0.09959111871049041,-0.616181160022908,-11.493064453759382,2
533,/content/Anomaly_Videos/Shoplifting/Shoplifting040_x264.mp4,22142,0.8496176647449794,0.9289762687618711,-0.16813534250031403,-26.863818867322042,1
534,/content/Anomaly_Videos/Shoplifting/Shoplifting040_x264.mp4,22172,0.5436133135208366,0.4676042737906988,-0.0962080470793389,-11.163617029262246,1
535,/content/Anomaly_Videos/Shoplifting/Shoplifting040_x264.mp4,22202,0.8629287879106038,0.8847791476116091,-0.08587261041919134,-23.804388268818276,1
536,/content/Anomaly_Videos/Shoplifting/Shoplifting040_x264.mp4,22382,0.42643212783815443,0.6163826939198237,-0.04020641131155266,37.88257599294735,2
537,/content/Anomaly_Videos/Shoplifting/Shoplifting040_x264.mp4,22532,0.478971617904796,0.6506359379702331,0.09346712860009047,24.11428069040984,1
538,/content/Anomaly_Videos/Shoplifting/Shoplifting040_x264.mp4,22562,0.25425412336236675,0.334976936865707,0.1604350689348879,-17.995223963875997,1
539,/content/Anomaly_Videos/Shoplifting/Shoplifting040_x264.mp4,22592,0.3857706274793872,0.5994992804155177,0.0725873049688869,-50.17524503819148,1
540,/content/Anomaly_Videos/Shoplifting/Shoplifting040_x264.mp4,23402,0.4431362204740063,0.8981011754211485,0.1535484427896965,58.37024785055532,1
541,/content/Anomaly_Videos/Shoplifting/Shoplifting040_x264.mp4,23522,0.31347708903945254,0.49422152322430096,0.7374070071869752,5.065719736087405,1
542,/content/Anomaly_Videos/Shoplifting/Shoplifting040_x264.mp4,23552,0.3940025101332049,0.5189264460022414,0.5434198831572494,4.883797718178102,1
543,/content/Anomaly_Videos/Shoplifting/Shoplifting040_x264.mp4,23672,0.4467681460302868,0.4771413817472846,0.17786414314351456,57.2963627418344,2
544,/content/Anomaly_Videos/Shoplifting/Shoplifting040_x264.mp4,23942,0.2080349974577906,0.06623948220241481,3.063426869122668,1.510346004745942,1
545,/content/Anomaly_Videos/Shoplifting/Shoplifting040_x264.mp4,24242,0.10605671144810098,0.17948534252968235,2.9797672353433993,10.605545535230027,1
546,/content/Anomaly_Videos/Shoplifting/Shoplifting040_x264.mp4,24392,0.5579037154658545,0.6077757813083339,-3.080048507585097,-224.49990230248085,2
547,/content/Anomaly_Videos/Shoplifting/Shoplifting040_x264.mp4,24422,0.12117865505482363,0.06781492046343872,-3.0440657372739004,45.17014326814084,1
548,/content/Anomaly_Videos/Shoplifting/Shoplifting040_x264.mp4,24512,0.2972231786621445,0.5557473896051942,3.1024481005513516,351.89817319000974,2
549,/content/Anomaly_Videos/Shoplifting/Shoplifting040_x264.mp4,24542,0.4879467002023164,0.3355917948083592,-0.008457922152256108,-9.433984064153618,2
550,/content/Anomaly_Videos/Shoplifting/Shoplifting040_x264.mp4,24572,0.42139917693695966,0.4033408785622443,-0.16140373672705532,-18.073311614002986,1
551,/content/Anomaly_Videos/Shoplifting/Shoplifting040_x264.mp4,24602,0.07270981773511087,0.2175441117806919,-0.25407147620121,-7.121836552735557,1
552,/content/Anomaly_Videos/Shoplifting/Shoplifting040_x264.mp4,24632,0.5837692156126099,0.2665465200481042,-0.09357523291510253,-4.0604029441205345,1
553,/content/Anomaly_Videos/Shoplifting/Shoplifting040_x264.mp4,24662,1.1448691001101838,1.1398502316295382,-0.1457231947199481,-89.85346776158809,1
554,/content/Anomaly_Videos/Shoplifting/Shoplifting040_x264.mp4,24722,0.8435117261576628,0.9584464660343827,-0.01155915799771754,-33.4702877124054,3
555,/content/Anomaly_Videos/Shoplifting/Shoplifting040_x264.mp4,24782,0.6399304345650255,0.5266967802355081,-3.133900507286336,-40.59439010150613,1
556,/content/Anomaly_Videos/Shoplifting/Shoplifting040_x264.mp4,24812,0.8024997595838502,1.0855103305072284,-3.1251214879550644,-94.44653126974522,1
557,/content/Anomaly_Videos/Shoplifting/Shoplifting040_x264.mp4,24842,0.2643769793579091,0.4727737240441564,2.9999675567166197,27.415790649024615,1
558,/content/Anomaly_Videos/Shoplifting/Shoplifting040_x264.mp4,24872,0.6617330313465468,0.6243331752417363,3.103522078966759,42.90466189745249,1
559,/content/Anomaly_Videos/Shoplifting/Shoplifting040_x264.mp4,24902,0.6148345999196587,0.9654494422565408,-3.1135387287637037,-206.71482866645627,1
560,/content/Anomaly_Videos/Shoplifting/Shoplifting040_x264.mp4,24932,0.776347723970111,1.1849822083901005,3.089847806571126,173.1527179689044,1
561,/content/Anomaly_Videos/Shoplifting/Shoplifting040_x264.mp4,24962,0.6937110248286827,1.199913285049883,3.0697411907727723,-174.76672568171838,1
562,/content/Anomaly_Videos/Shoplifting/Shoplifting040_x264.mp4,24992,0.7373237215552957,1.1186796773459793,3.1072645063525797,-128.72125002841997,1
563,/content/Anomaly_Videos/Shoplifting/Shoplifting040_x264.mp4,25022,0.6770714469706013,1.1707039375322512,3.0966943087883165,-71.71287627709735,1
564,/content/Anomaly_Videos/Shoplifting/Shoplifting040_x264.mp4,25052,0.6973904109907199,1.204442981424217,3.1012922251868593,-100.61793278447091,1
565,/content/Anomaly_Videos/Shoplifting/Shoplifting040_x264.mp4,25082,0.6906906782849587,1.1785776336104123,-3.1216036486474557,-83.96499075072293,1
566,/content/Anomaly_Videos/Shoplifting/Shoplifting040_x264.mp4,25112,1.3655223904553289,1.7780630451904829,-3.1135706849900213,-57.05777852947189,2
567,/content/Anomaly_Videos/Shoplifting/Shoplifting040_x264.mp4,25142,1.4602578127439836,2.0248551113758593,3.1110304796816437,-381.40149963238855,3
568,/content/Anomaly_Videos/Shoplifting/Shoplifting040_x264.mp4,25172,0.9017704019847891,1.2243775687420335,0.09497684258272464,12.083094280778212,3
569,/content/Anomaly_Videos/Shoplifting/Shoplifting040_x264.mp4,25202,0.42677314014288037,0.6246883584221965,-0.009202176023602546,82.27833098026056,4
570,/content/Anomaly_Videos/Shoplifting/Shoplifting040_x264.mp4,25232,0.3488469424397669,0.5018681228143083,-0.16644523034053982,-17.49505460478016,4
571,/content/Anomaly_Videos/Shoplifting/Shoplifting040_x264.mp4,25292,0.24233773747713733,0.3871903506879342,-0.20361280185069078,-12.225625627623732,3
572,/content/Anomaly_Videos/Shoplifting/Shoplifting040_x264.mp4,25322,0.31624031719614243,0.5705611853012221,0.09858094879728002,-7.296647630841081,3
573,/content/Anomaly_Videos/Shoplifting/Shoplifting040_x264.mp4,25352,0.4933547101003178,0.7895870122370956,-0.024114713812094908,165.86207060520354,2
574,/content/Anomaly_Videos/Shoplifting/Shoplifting040_x264.mp4,25382,0.33464405447107964,0.262050388102777,-0.015409748509270339,-5.295210935286567,4
575,/content/Anomaly_Videos/Shoplifting/Shoplifting040_x264.mp4,25412,0.8663013299104861,1.0428246045753118,-0.023674982474129497,106.05636095361828,2
576,/content/Anomaly_Videos/Shoplifting/Shoplifting040_x264.mp4,25442,2.4844469173248642,2.7101055276522295,-0.06335256357707952,-87.81679894201064,3
577,/content/Anomaly_Videos/Shoplifting/Shoplifting040_x264.mp4,25472,1.115114341625549,1.134812323432918,2.990952645280439,15.79674180724293,5
578,/content/Anomaly_Videos/Shoplifting/Shoplifting040_x264.mp4,25502,3.2418622655961107,2.7755374505090438,3.0548672131316703,27.910046441000333,4
579,/content/Anomaly_Videos/Shoplifting/Shoplifting040_x264.mp4,25532,8.798866676005309,6.816496401223029,3.11604003174059,33.78432512978852,5
580,/content/Anomaly_Videos/Shoplifting/Shoplifting040_x264.mp4,25562,0.253918036000649,0.5036523111152268,-0.07241156708340549,-23.311116969566463,4
581,/content/Anomaly_Videos/Shoplifting/Shoplifting040_x264.mp4,25592,0.35503790517942047,0.3368821680742724,0.0639600283903875,37.996140519395716,5
582,/content/Anomaly_Videos/Shoplifting/Shoplifting040_x264.mp4,25622,0.33274650238280573,0.4852902112575651,3.0100005439872186,19.07155552343427,5
583,/content/Anomaly_Videos/Shoplifting/Shoplifting040_x264.mp4,25652,0.4912079800084666,0.4279285191585175,-0.04316806938833241,82.55466732381144,2
584,/content/Anomaly_Videos/Shoplifting/Shoplifting040_x264.mp4,25682,0.46486309281685967,0.6849254998922792,0.012100973217596164,-46.40486154877779,1
585,/content/Anomaly_Videos/Shoplifting/Shoplifting040_x264.mp4,25712,0.3404568409498821,0.4665198747552632,2.984519992395442,22.851609316697317,4
586,/content/Anomaly_Videos/Shoplifting/Shoplifting040_x264.mp4,25742,0.30138254184465063,0.38807044057692647,3.0454345608967,12.072645693883445,4
587,/content/Anomaly_Videos/Shoplifting/Shoplifting040_x264.mp4,25862,0.5186383485491878,0.6965922507421186,-0.05056814717190724,-57.3631366953478,5
588,/content/Anomaly_Videos/Shoplifting/Shoplifting040_x264.mp4,25892,0.5708616769033247,0.8343767466690645,-0.023955277425824123,200.83381975042573,2
589,/content/Anomaly_Videos/Shoplifting/Shoplifting040_x264.mp4,25922,1.0621662693146503,1.4838053073982778,-0.1546446789436951,-18.764621124580753,4
590,/content/Anomaly_Videos/Shoplifting/Shoplifting040_x264.mp4,25952,0.7496323823578724,0.9765947411804969,-0.2262310574395105,-10.423478592144791,1
591,/content/Anomaly_Videos/Shoplifting/Shoplifting040_x264.mp4,25982,0.13064014858545892,0.40951743042937705,0.07905839429028041,19.221152128641457,1
592,/content/Anomaly_Videos/Shoplifting/Shoplifting040_x264.mp4,26012,0.2570839028288337,0.34198523737572234,0.0520606296197087,23.5014917761566,3
593,/content/Anomaly_Videos/Shoplifting/Shoplifting040_x264.mp4,26042,0.045788745598051975,0.21267316201710548,-0.3546674035067196,-12.872127277975903,3
594,/content/Anomaly_Videos/Shoplifting/Shoplifting040_x264.mp4,26072,0.2227241115884014,0.469425519568227,0.11367794216716266,606.099225620161,3
595,/content/Anomaly_Videos/Shoplifting/Shoplifting040_x264.mp4,26102,0.6266947067506563,0.6808439810712491,-0.36441262531629504,-6.310217034455166,2
596,/content/Anomaly_Videos/Shoplifting/Shoplifting040_x264.mp4,26132,0.6638884299103344,1.1297925158284454,0.12344801920656275,-105.58350456338566,3
597,/content/Anomaly_Videos/Shoplifting/Shoplifting040_x264.mp4,26162,0.5890333541251581,0.20671205510679735,0.026389324040741388,-7.765734550119669,3
598,/content/Anomaly_Videos/Shoplifting/Shoplifting040_x264.mp4,26192,0.9158887643072755,0.7416927807900736,-0.03301295313009221,-65.8262975780048,3
599,/content/Anomaly_Videos/Shoplifting/Shoplifting040_x264.mp4,26222,0.6116442631131922,1.4308169218905666,0.010704486306415819,64.87731226085157,5
600,/content/Anomaly_Videos/Shoplifting/Shoplifting040_x264.mp4,26252,0.41022855075452735,0.5506338242514686,-3.1215523525026043,77.55681621281232,3
601,/content/Anomaly_Videos/Shoplifting/Shoplifting040_x264.mp4,26282,0.3783862693055258,0.5176964586210566,-0.011484880731917082,92.85437420456205,4
602,/content/Anomaly_Videos/Shoplifting/Shoplifting040_x264.mp4,26312,0.2359797808645855,0.24998452692309567,0.15800592454264367,5.23104720221337,2
603,/content/Anomaly_Videos/Shoplifting/Shoplifting040_x264.mp4,26342,0.3050541370667023,0.2652724006631117,-0.3645057980018668,-3.572073709763652,5
604,/content/Anomaly_Videos/Shoplifting/Shoplifting040_x264.mp4,26372,0.4551197616385337,0.5519159541390772,-0.11934110249681304,-23.76770633704681,5
605,/content/Anomaly_Videos/Shoplifting/Shoplifting040_x264.mp4,26582,0.16967260295122702,0.2938666021331314,0.011910488914036843,80.2686897068413,3
606,/content/Anomaly_Videos/Shoplifting/Shoplifting040_x264.mp4,26732,0.36952702999886633,0.4053736740331582,-0.14517543483589246,-16.04602070083919,2
607,/content/Anomaly_Videos/Shoplifting/Shoplifting040_x264.mp4,26762,0.39496915705791,0.5565180159115386,0.009489565594914793,48.40892479462924,1
608,/content/Anomaly_Videos/Shoplifting/Shoplifting040_x264.mp4,26792,0.30323873557879755,0.40873736968356184,0.004554510479297472,24.4339555304066,1
609,/content/Anomaly_Videos/Shoplifting/Shoplifting040_x264.mp4,26882,0.12646963690893018,0.1947925506769474,2.9412003926634664,13.063187054130205,2
610,/content/Anomaly_Videos/Shoplifting/Shoplifting040_x264.mp4,26912,0.18133947431123573,0.3088941540314236,-2.939947917351543,88.07516414155802,1
611,/content/Anomaly_Videos/Shoplifting/Shoplifting040_x264.mp4,26942,0.05312866842043354,0.05898214004557732,-0.04802352793965634,35.61059453858737,1
612,/content/Anomaly_Videos/Shoplifting/Shoplifting040_x264.mp4,27182,0.07591678575177692,0.049945400335111814,-3.052661030351035,7.430235155208542,3
613,/content/Anomaly_Videos/Shoplifting/Shoplifting012_x264.mp4,2607,0.4327345496518526,0.5540089302849116,-0.038707166825388245,33.92843059276624,1
614,/content/Anomaly_Videos/Shoplifting/Shoplifting012_x264.mp4,2637,0.32426463686566026,0.3024164886470372,0.014486768595472706,17.766323804163076,2
615,/content/Anomaly_Videos/Shoplifting/Shoplifting012_x264.mp4,2667,0.09950081755932233,0.22388579281836435,-2.838563199237519,-14.370160414881918,1
616,/content/Anomaly_Videos/Shoplifting/Shoplifting012_x264.mp4,2697,0.387090507954948,0.48678511372122024,-2.99930736700608,-27.355213526998746,2
617,/content/Anomaly_Videos/Shoplifting/Shoplifting012_x264.mp4,2727,0.22748356421052143,0.1707008478325064,0.15665856681876025,6.667081813475058,1
618,/content/Anomaly_Videos/Shoplifting/Shoplifting012_x264.mp4,2817,0.16604954691223073,0.2905953307497797,0.4404865335448008,5.470591981333549,2
619,/content/Anomaly_Videos/Shoplifting/Shoplifting012_x264.mp4,2847,0.29869152335086857,0.3670198523438078,-0.10642177357669132,-13.679995865634714,2
620,/content/Anomaly_Videos/Shoplifting/Shoplifting012_x264.mp4,2877,0.4639523654023723,0.39859626647059787,-0.05067226789850592,-24.13555822405126,2
621,/content/Anomaly_Videos/Shoplifting/Shoplifting012_x264.mp4,2907,0.04002010953322077,0.1698041371320463,0.7148154072577427,-9.599554825176439,1
622,/content/Anomaly_Videos/Shoplifting/Shoplifting012_x264.mp4,2937,0.07281492735850452,0.11501697433653692,1.0415395837704895,3.533996586464339,2
623,/content/Anomaly_Videos/Shoplifting/Shoplifting012_x264.mp4,2967,0.49239566125499384,0.4414764414188387,-0.10100005709641992,-13.068367565260631,2
624,/content/Anomaly_Videos/Shoplifting/Shoplifting012_x264.mp4,3027,0.5691119981920656,0.7897929065546508,1.5575499740063412,2.159832450688634,3
625,/content/Anomaly_Videos/Shoplifting/Shoplifting012_x264.mp4,3057,0.37700639246556356,0.41431137805402785,1.356651934913903,1.4232122664770315,2
626,/content/Anomaly_Videos/Shoplifting/Shoplifting012_x264.mp4,3087,0.7270692553265188,0.4699088030199214,1.6348559799508546,1.3040501192134828,3
627,/content/Anomaly_Videos/Shoplifting/Shoplifting012_x264.mp4,3117,0.44272527071332485,0.7406169968098967,1.160106495399579,2.349440624325392,4
628,/content/Anomaly_Videos/Shoplifting/Shoplifting012_x264.mp4,3147,0.4208633429239289,0.4915299309904629,0.10787111447723337,14.783158022218359,4
629,/content/Anomaly_Videos/Shoplifting/Shoplifting012_x264.mp4,3177,0.2414693141974553,0.3617572226932184,0.09650553703470553,30.039392729723364,4
630,/content/Anomaly_Videos/Shoplifting/Shoplifting012_x264.mp4,3207,0.2466944584819475,0.1815166504016518,-0.2554838108898915,-3.602674137833741,4
631,/content/Anomaly_Videos/Shoplifting/Shoplifting012_x264.mp4,3237,0.46373154075138195,0.4934796229497964,-0.06191201453581763,7.8016737741137865,4
632,/content/Anomaly_Videos/Shoplifting/Shoplifting012_x264.mp4,3267,0.27396517590642466,0.18747202628116766,-0.26215835427322665,-2.99318682885026,2
633,/content/Anomaly_Videos/Shoplifting/Shoplifting012_x264.mp4,3297,0.4122690315275475,0.4773870819411262,0.17711623020106512,8.943669748309052,2
634,/content/Anomaly_Videos/Shoplifting/Shoplifting012_x264.mp4,3327,0.31216728606066724,0.45507896367676026,3.0841243479073315,-273.71327420453,3
635,/content/Anomaly_Videos/Shoplifting/Shoplifting012_x264.mp4,3357,0.2717608670315907,0.10531210288225373,-3.0840102758106447,-4.027986142388995,3
636,/content/Anomaly_Videos/Shoplifting/Shoplifting012_x264.mp4,3387,0.178399690523201,0.2657697363520833,-0.2994325133725968,-18.120209829001077,3
637,/content/Anomaly_Videos/Shoplifting/Shoplifting012_x264.mp4,3417,0.07300259449433033,0.08165594502723053,2.871394969078706,-13.167242653575661,2
638,/content/Anomaly_Videos/Shoplifting/Shoplifting012_x264.mp4,3447,0.2566704640816656,0.36404812420377364,-0.09991895904648275,-9.299029271940126,2
639,/content/Anomaly_Videos/Shoplifting/Shoplifting012_x264.mp4,3477,0.4054276413942885,0.31739719737637995,-0.08886720929303223,34.89679370209942,3
640,/content/Anomaly_Videos/Shoplifting/Shoplifting012_x264.mp4,3507,1.344092768518803,2.1721812159683527,0.051385740966174445,-554.7156407666058,4
641,/content/Anomaly_Videos/Shoplifting/Shoplifting012_x264.mp4,3537,0.367276741762556,0.10048667194462749,0.06457093438065603,6.083114794351471,2
642,/content/Anomaly_Videos/Shoplifting/Shoplifting012_x264.mp4,3567,0.13464741969147875,0.14840751548652067,1.5328192197935968,1.5070508038891903,3
643,/content/Anomaly_Videos/Shoplifting/Shoplifting012_x264.mp4,3597,0.2736725697330636,0.4684709433658983,0.33724759373227575,4.93945322045395,2
644,/content/Anomaly_Videos/Shoplifting/Shoplifting012_x264.mp4,4287,0.2876704318882686,0.2866333126672834,0.20863229577231593,7.561867276283922,1
645,/content/Anomaly_Videos/Shoplifting/Shoplifting012_x264.mp4,4347,0.32008425324319933,0.347910148948725,0.2647447069100395,5.872498204138172,2
646,/content/Anomaly_Videos/Shoplifting/Shoplifting012_x264.mp4,4377,0.22294535466072238,0.28617684922572345,0.1982929831445809,18.14723709863249,2
647,/content/Anomaly_Videos/Shoplifting/Shoplifting012_x264.mp4,4407,0.2127390970280848,0.4014451270115508,3.139023145650794,13.102629633775958,3
648,/content/Anomaly_Videos/Shoplifting/Shoplifting012_x264.mp4,4437,0.7492332717219684,0.9394971325212336,0.06350145389232228,21.86235571379937,2
649,/content/Anomaly_Videos/Shoplifting/Shoplifting012_x264.mp4,4467,0.30679697168106473,0.4888931211642197,0.08951335332397475,13.402679296596636,2
650,/content/Anomaly_Videos/Shoplifting/Shoplifting012_x264.mp4,4497,0.10720887407633242,0.06079223660665065,-0.1920047744334552,-3.237968578816673,2
651,/content/Anomaly_Videos/Shoplifting/Shoplifting012_x264.mp4,4527,0.01409092624712125,0.11216132887431854,-0.037647449407714514,-11.35660175725257,1
652,/content/Anomaly_Videos/Shoplifting/Shoplifting012_x264.mp4,4557,0.2592704184933643,0.3464837305914387,0.19943648591955626,10.129175257659787,3
653,/content/Anomaly_Videos/Shoplifting/Shoplifting012_x264.mp4,4587,0.4540963239061126,1.049166661199947,0.34144514617117805,6.65834058159367,2
654,/content/Anomaly_Videos/Shoplifting/Shoplifting012_x264.mp4,4617,0.4379452738777922,0.7193691615494278,0.21597097519155972,11.524546148799748,1
655,/content/Anomaly_Videos/Shoplifting/Shoplifting012_x264.mp4,4647,0.28200382288661996,0.17177056951789074,0.12929103825270089,-8.497971064061892,3
656,/content/Anomaly_Videos/Shoplifting/Shoplifting012_x264.mp4,4677,1.0564294222981854,1.0344708701562644,0.030487779095864146,20.340177523392057,1
657,/content/Anomaly_Videos/Shoplifting/Shoplifting012_x264.mp4,5037,0.6656523497725341,0.9439608439479282,1.975499779860845,2.8710305148439916,4
658,/content/Anomaly_Videos/Shoplifting/Shoplifting012_x264.mp4,5067,0.7305107477792512,0.8294473444476337,1.298393508503375,3.987584699584545,2
659,/content/Anomaly_Videos/Shoplifting/Shoplifting012_x264.mp4,5097,7.671309064926856,9.252078606721632,1.4780952294845666,2.4367874561422536,1
660,/content/Anomaly_Videos/Shoplifting/Shoplifting012_x264.mp4,5127,2.091771220822303,3.269645931397241,1.325027099441824,2.7050477950828196,1
661,/content/Anomaly_Videos/Shoplifting/Shoplifting012_x264.mp4,5397,0.34337561436607855,0.42602960875235135,0.22118742091543026,9.884349761774208,1
662,/content/Anomaly_Videos/Shoplifting/Shoplifting012_x264.mp4,5457,0.23603498453215563,0.29664265779816656,-0.08696428062085955,27.161105169858896,3
663,/content/Anomaly_Videos/Shoplifting/Shoplifting012_x264.mp4,5517,0.27336386961149406,0.44473313675719406,0.055655235213712094,4.272588638472612,1
664,/content/Anomaly_Videos/Shoplifting/Shoplifting012_x264.mp4,5547,0.07746645712869218,0.2697523136459535,0.321338198637328,5.615108013843817,1
665,/content/Anomaly_Videos/Shoplifting/Shoplifting012_x264.mp4,5577,0.07554594109252122,0.11136480814446527,0.4452352930636368,2.573857457785118,1
666,/content/Anomaly_Videos/Shoplifting/Shoplifting012_x264.mp4,5607,0.4124825375994896,0.32786207508072324,-0.10690809364443124,-21.20628272858794,1
667,/content/Anomaly_Videos/Shoplifting/Shoplifting012_x264.mp4,5637,0.40507555880698176,0.3553106539949493,-0.15317894118015074,-8.824443823127716,1
668,/content/Anomaly_Videos/Shoplifting/Shoplifting012_x264.mp4,5667,0.4281105727246595,0.42557039555823467,-0.13975824922297994,-19.426253746513133,1
669,/content/Anomaly_Videos/Shoplifting/Shoplifting012_x264.mp4,5697,0.3187780876544076,0.45094184128785597,0.08887733444837073,-41.84762636194923,1
670,/content/Anomaly_Videos/Shoplifting/Shoplifting012_x264.mp4,5727,0.47083589072538923,0.7104335971163982,0.34366827208299694,4.364527878510027,1
671,/content/Anomaly_Videos/Shoplifting/Shoplifting012_x264.mp4,5757,0.702518115429284,0.8275396510304805,-0.015769260227706167,18.948524759937047,2
672,/content/Anomaly_Videos/Shoplifting/Shoplifting012_x264.mp4,5817,0.25104229415833024,0.2676883851404134,-0.005679087528751705,20.517455608716276,4
673,/content/Anomaly_Videos/Shoplifting/Shoplifting012_x264.mp4,5847,0.25000486821278933,0.48547683298383226,-0.3956373975776928,-8.564228631056302,2
674,/content/Anomaly_Videos/Shoplifting/Shoplifting012_x264.mp4,5877,0.08713650568330722,0.04729438460313671,-3.021896652694881,-1.482397537783318,1
675,/content/Anomaly_Videos/Shoplifting/Shoplifting012_x264.mp4,5907,0.3110251015280187,0.46685141187531276,2.9957954637693094,21.284600637078942,1
676,/content/Anomaly_Videos/Shoplifting/Shoplifting012_x264.mp4,5937,0.21815018297732297,0.36292686584584644,-0.21535756623972824,-7.870530885444117,2
677,/content/Anomaly_Videos/Shoplifting/Shoplifting012_x264.mp4,5967,0.2382349814214654,0.28216076220607805,-0.13622248885731097,-16.559816886488406,3
678,/content/Anomaly_Videos/Shoplifting/Shoplifting012_x264.mp4,6027,0.30646177889365095,0.35899235567214277,0.04804052779513436,120.92947080534815,2
679,/content/Anomaly_Videos/Shoplifting/Shoplifting012_x264.mp4,6057,0.2700105705586253,0.008654172972317693,-2.9979569759915443,-0.2444613494148064,2
680,/content/Anomaly_Videos/Shoplifting/Shoplifting012_x264.mp4,6087,0.24566425892847374,0.31657270551636896,0.10024320145940055,127.34573717007969,1
681,/content/Anomaly_Videos/Shoplifting/Shoplifting012_x264.mp4,6147,0.1967879371803866,0.4172346748930055,0.22081166352725165,3.0192683373211464,1
682,/content/Anomaly_Videos/Shoplifting/Shoplifting012_x264.mp4,6177,0.2480729003545779,0.407544696814704,-0.1841231520027048,-20.53465579122209,1
683,/content/Anomaly_Videos/Shoplifting/Shoplifting012_x264.mp4,6207,0.25198161460542856,0.35313908533801713,-0.05809064302290421,-33.654792935580204,1
684,/content/Anomaly_Videos/Shoplifting/Shoplifting012_x264.mp4,6237,0.2903026650240212,0.37676232326568737,-0.16414028646718493,-8.012532612943549,1
685,/content/Anomaly_Videos/Shoplifting/Shoplifting012_x264.mp4,6297,0.268800434494402,0.4135807428905321,-0.23315560922911444,-11.421426254841283,1
686,/content/Anomaly_Videos/Shoplifting/Shoplifting012_x264.mp4,6357,0.30608700190280463,0.38997977861472316,-0.1638992347615237,-10.300143859768694,1
687,/content/Anomaly_Videos/Shoplifting/Shoplifting012_x264.mp4,6387,0.39283647980284664,0.38331600327323767,0.006629918477390437,-33.66297834574861,2
688,/content/Anomaly_Videos/Shoplifting/Shoplifting012_x264.mp4,6417,0.30218371970155644,0.37464416271423784,-0.19431115019098613,-10.795408125893605,1
689,/content/Anomaly_Videos/Shoplifting/Shoplifting012_x264.mp4,6447,0.3224157078553845,0.4115745987027332,-0.1670986690887088,-8.403423085548553,1
690,/content/Anomaly_Videos/Shoplifting/Shoplifting012_x264.mp4,6477,0.35579605485592425,0.41888645944250896,-0.14896942842259944,-8.618520683156508,1
691,/content/Anomaly_Videos/Shoplifting/Shoplifting012_x264.mp4,6507,0.32386607063909445,0.4156460099875407,-0.15881599837450178,-13.867278537620614,1
692,/content/Anomaly_Videos/Shoplifting/Shoplifting012_x264.mp4,6537,0.300137104447723,0.3686337453633064,-0.19276768839431052,-9.858573575046888,1
693,/content/Anomaly_Videos/Shoplifting/Shoplifting012_x264.mp4,6567,0.30295031736197314,0.3935230287960485,-0.11689594858857838,-13.191751245472906,1
694,/content/Anomaly_Videos/Shoplifting/Shoplifting012_x264.mp4,6747,0.1340857832505256,0.23322577610420014,0.7468677958307358,5.760045019634226,1
695,/content/Anomaly_Videos/Shoplifting/Shoplifting012_x264.mp4,6777,0.08832480485251865,0.15123136572689555,0.518069443055181,13.808115857279585,1
696,/content/Anomaly_Videos/Shoplifting/Shoplifting012_x264.mp4,6807,0.07648089929844529,0.12823915299481642,0.8342529184047446,4.41408564645207,1
697,/content/Anomaly_Videos/Shoplifting/Shoplifting012_x264.mp4,6867,0.33772419442368445,0.4407963180321163,-0.14928067812625398,-17.434508719522253,2
698,/content/Anomaly_Videos/Shoplifting/Shoplifting012_x264.mp4,6897,0.08761019613772618,0.015416075408379672,1.1914038527068989,0.5973238251592947,2
699,/content/Anomaly_Videos/Shoplifting/Shoplifting012_x264.mp4,6927,0.8913578570636356,1.5436705268275932,0.18852336889158114,14.817920004565973,2
700,/content/Anomaly_Videos/Shoplifting/Shoplifting012_x264.mp4,6957,0.4409825270096059,0.7279926980751648,0.09258430217295233,17.15001339856582,2
701,/content/Anomaly_Videos/Shoplifting/Shoplifting012_x264.mp4,6987,2.8849143488839464,2.7897881794240917,0.1453913071980936,17.93405816176855,1
702,/content/Anomaly_Videos/Shoplifting/Shoplifting012_x264.mp4,7347,0.01630781903277047,0.07369593227824849,2.1859138526829067,3.9640741770431234,3
703,/content/Anomaly_Videos/Shoplifting/Shoplifting012_x264.mp4,7377,0.05543331130831981,0.09354142444401624,-2.407131663515279,-9.841560003542767,2
704,/content/Anomaly_Videos/Shoplifting/Shoplifting012_x264.mp4,7407,0.3300260247666995,0.7740878597893636,0.06302372896773908,11.425393581198495,2
705,/content/Anomaly_Videos/Shoplifting/Shoplifting012_x264.mp4,7467,0.1306828740479909,0.14419797671108447,0.5199155840782584,4.383968849634918,2
706,/content/Anomaly_Videos/Shoplifting/Shoplifting012_x264.mp4,7497,0.6185616710775931,0.7726600655087376,0.2841627088810355,5.578433131800536,3
707,/content/Anomaly_Videos/Shoplifting/Shoplifting012_x264.mp4,7527,1.0887766220522823,1.7608558532891365,-0.04431599978672545,45.539306627660864,2
708,/content/Anomaly_Videos/Shoplifting/Shoplifting012_x264.mp4,7557,0.7617700328967927,1.058696611752464,0.009307995080746584,20.25764222544517,3
709,/content/Anomaly_Videos/Shoplifting/Shoplifting012_x264.mp4,7587,1.1981333407434789,1.5033399272916856,0.046453107432511125,84.1665677173817,2
710,/content/Anomaly_Videos/Shoplifting/Shoplifting012_x264.mp4,7617,1.6138966443763376,1.9486948628522824,0.02942002262904941,26.23612477021946,3
711,/content/Anomaly_Videos/Shoplifting/Shoplifting012_x264.mp4,7647,0.8766270131405496,1.1657377654713994,-0.2429822114987259,1240.3497140202314,2
712,/content/Anomaly_Videos/Shoplifting/Shoplifting012_x264.mp4,7707,0.5024010308266343,0.5768281100163241,0.2031837398744982,7.037746335064583,4
713,/content/Anomaly_Videos/Shoplifting/Shoplifting012_x264.mp4,7737,0.9621102852872597,1.0791676885488894,0.17571979525861914,9.192995216001295,3
714,/content/Anomaly_Videos/Shoplifting/Shoplifting012_x264.mp4,7767,0.8727646848757892,1.2921754632693543,0.06903599187603553,14.836244945798954,2
715,/content/Anomaly_Videos/Shoplifting/Shoplifting012_x264.mp4,7797,0.917951821499867,0.7315409562909364,0.05643110637731652,61.221620159122466,3
716,/content/Anomaly_Videos/Shoplifting/Shoplifting012_x264.mp4,7827,1.0689107464080017,0.975875822941395,0.016015877415165768,-11.002596320747028,4
717,/content/Anomaly_Videos/Shoplifting/Shoplifting012_x264.mp4,7857,1.974157689222841,1.5569921060826213,-0.02783281407584015,66.31159215400542,2
718,/content/Anomaly_Videos/Shoplifting/Shoplifting012_x264.mp4,7887,1.5176954049055902,1.1602138156368804,0.10444296645368895,25.21654807638631,1
719,/content/Anomaly_Videos/Shoplifting/Shoplifting012_x264.mp4,7917,1.2788994690295052,1.1537631340061107,0.17332588242206545,25.142009019380943,1
720,/content/Anomaly_Videos/Shoplifting/Shoplifting012_x264.mp4,8757,0.037120499914904105,0.16009680164864445,-2.748057567604518,39.51537554865114,1
721,/content/Anomaly_Videos/Shoplifting/Shoplifting012_x264.mp4,8787,0.23555912409576704,0.2333519873246252,2.371383544479229,2.5158464370857923,1
722,/content/Anomaly_Videos/Shoplifting/Shoplifting012_x264.mp4,8817,0.24675700680591348,0.43319454986024025,2.6878051084770394,6.898442143766476,2
723,/content/Anomaly_Videos/Shoplifting/Shoplifting012_x264.mp4,8847,0.383964488653725,0.6564321344624056,2.722204400690305,7.593426751816511,2
724,/content/Anomaly_Videos/Shoplifting/Shoplifting012_x264.mp4,8877,0.4646163992442334,0.6016393649139072,3.0985319703259773,-172.24843379818526,4
725,/content/Anomaly_Videos/Shoplifting/Shoplifting012_x264.mp4,8907,0.4902411151037987,0.7774972333324749,3.05420031368616,37.01908466575898,2
726,/content/Anomaly_Videos/Shoplifting/Shoplifting012_x264.mp4,8937,0.317697415817286,0.2733687757518878,3.048518229791317,7.526413774310962,3
727,/content/Anomaly_Videos/Shoplifting/Shoplifting012_x264.mp4,8967,0.30757369600011386,0.234976030316221,3.136371545099588,33.42909996682556,1
728,/content/Anomaly_Videos/Shoplifting/Shoplifting012_x264.mp4,8997,0.319897612874594,0.36685936514563405,3.1116291131305296,41.96255550975571,1
729,/content/Anomaly_Videos/Shoplifting/Shoplifting012_x264.mp4,9027,0.41722897373068474,0.3508858455231187,-3.0946691809551043,-15.722663747535178,2
730,/content/Anomaly_Videos/Shoplifting/Shoplifting012_x264.mp4,9057,0.5010108501976334,0.6057231851453615,-3.0740425769466775,-26.658627328199728,1
731,/content/Anomaly_Videos/Shoplifting/Shoplifting012_x264.mp4,9117,0.10114559666065863,0.14006257857095783,2.4510915986074115,3.8678509318918244,2
732,/content/Anomaly_Videos/Shoplifting/Shoplifting012_x264.mp4,9147,0.39086650943615475,0.6092303130347743,1.998581580247111,3.1816468821640473,2
733,/content/Anomaly_Videos/Shoplifting/Shoplifting012_x264.mp4,9177,0.28465232561210796,0.44968002815505936,1.6246975462437514,2.864481759777016,2
734,/content/Anomaly_Videos/Shoplifting/Shoplifting012_x264.mp4,9207,0.2614314801554844,0.38202076647248684,1.5781288873475696,2.1687180268751285,2
735,/content/Anomaly_Videos/Shoplifting/Shoplifting012_x264.mp4,9237,0.11862873344153187,0.1823478014297306,1.041490177343279,6.249963639043368,2
736,/content/Anomaly_Videos/Shoplifting/Shoplifting012_x264.mp4,9267,0.1099361997694604,0.22133180260367344,1.5117381343843288,4.699005406855331,2
737,/content/Anomaly_Videos/Shoplifting/Shoplifting012_x264.mp4,9297,0.03974275632221417,0.0685442903291139,2.295686768922216,5.397641496851155,1
738,/content/Anomaly_Videos/Shoplifting/Shoplifting012_x264.mp4,9327,0.7460622771854774,1.0096972770376842,1.5486262233841128,2.218693101755857,2
739,/content/Anomaly_Videos/Shoplifting/Shoplifting012_x264.mp4,9357,0.1822546355349165,0.35141634449410625,1.7154401563454116,3.730511421469012,1
740,/content/Anomaly_Videos/Shoplifting/Shoplifting012_x264.mp4,9387,0.05841098337358242,0.10081263193431461,1.6956374746350558,-11.381933388226743,3
741,/content/Anomaly_Videos/Shoplifting/Shoplifting012_x264.mp4,9417,0.85966591301906,1.280940232461967,1.516782216140309,1.6669371229339425,2
742,/content/Anomaly_Videos/Shoplifting/Shoplifting012_x264.mp4,9447,1.0312436890850825,1.7933325820662178,1.5514681304031068,1.7584143520156537,2
743,/content/Anomaly_Videos/Shoplifting/Shoplifting012_x264.mp4,9477,0.5412094978156254,0.7049572558798982,1.1512155798483743,1.9199747378209409,1
744,/content/Anomaly_Videos/Shoplifting/Shoplifting012_x264.mp4,9507,0.17803214651793423,0.30025264078345654,0.3057316268525743,8.030421988226275,2
745,/content/Anomaly_Videos/Shoplifting/Shoplifting012_x264.mp4,9537,0.343212715878941,0.3112035233445113,0.5046187570614745,5.241002613020482,2
746,/content/Anomaly_Videos/Shoplifting/Shoplifting012_x264.mp4,9567,0.04109379212955444,0.19612538004136726,1.224469164320688,-17.11461031231884,2
747,/content/Anomaly_Videos/Shoplifting/Shoplifting012_x264.mp4,9597,0.42630517201122486,0.6141280311094603,0.10444569407040852,30.076125092178483,1
748,/content/Anomaly_Videos/Shoplifting/Shoplifting012_x264.mp4,9627,0.1464056368488168,0.2554014964506239,0.2127897354453463,-3.8500408575679095,2
749,/content/Anomaly_Videos/Shoplifting/Shoplifting012_x264.mp4,9687,0.3251270632612168,0.3609544138291704,0.147004283153317,9.672381206889996,2
750,/content/Anomaly_Videos/Shoplifting/Shoplifting012_x264.mp4,9717,0.03119626525494694,0.13276352650769568,-0.9631442880810674,-1.3840290408064668,2
751,/content/Anomaly_Videos/Shoplifting/Shoplifting012_x264.mp4,9747,0.21622958671580492,0.23203684778525516,-0.25019449267721505,-9.730944128592544,2
752,/content/Anomaly_Videos/Shoplifting/Shoplifting012_x264.mp4,9777,0.4835760965469576,0.38505987132591335,-0.0017288182150399913,7.177350424478388,2
753,/content/Anomaly_Videos/Shoplifting/Shoplifting012_x264.mp4,9807,0.4601908666168048,0.5873162660449319,0.07291620639871146,23.168481129156874,2
754,/content/Anomaly_Videos/Shoplifting/Shoplifting012_x264.mp4,9837,0.05060313674886217,0.11132223738363782,3.0935701084309217,-5.455636729056773,2
755,/content/Anomaly_Videos/Shoplifting/Shoplifting012_x264.mp4,9867,0.4552163034924563,0.5096252798738966,0.08508208405759445,11.95593189458873,2
756,/content/Anomaly_Videos/Shoplifting/Shoplifting012_x264.mp4,9897,0.4875211866519407,0.7048099431143042,-0.030474631880384653,45.83129328223528,3
757,/content/Anomaly_Videos/Shoplifting/Shoplifting012_x264.mp4,9927,0.5786304311428411,0.8677488794400487,0.12757626021974644,19.75658529863203,3
758,/content/Anomaly_Videos/Shoplifting/Shoplifting012_x264.mp4,9957,0.6308234124528252,0.6304922685447318,0.029521948756722708,12.767907550375595,2
759,/content/Anomaly_Videos/Shoplifting/Shoplifting012_x264.mp4,9987,0.15061586442715216,0.3233581318048735,0.08733552724676928,21.969810403863544,1
760,/content/Anomaly_Videos/Shoplifting/Shoplifting012_x264.mp4,10017,0.13561882663536629,0.14905972122511496,0.10834055628966907,7.7967000670098345,1
761,/content/Anomaly_Videos/Shoplifting/Shoplifting012_x264.mp4,10047,0.04191659836527195,0.15027751179724363,-2.6255312574091225,-2.8127550182068846,2
762,/content/Anomaly_Videos/Shoplifting/Shoplifting012_x264.mp4,10077,0.4949582820529856,0.6708220027598858,-0.08231772963807796,-32.2193978335949,1
763,/content/Anomaly_Videos/Shoplifting/Shoplifting012_x264.mp4,10107,1.2328018286169085,1.6160800165055214,-3.0878557794534096,-41.392112052156975,2
764,/content/Anomaly_Videos/Shoplifting/Shoplifting012_x264.mp4,10137,1.6050583377288044,2.080742047153997,-3.0915047397110587,-30.85425436521674,3
765,/content/Anomaly_Videos/Shoplifting/Shoplifting012_x264.mp4,10437,0.08853352239227426,0.18315939866844821,0.017094829227791337,-279.94031100397814,2
766,/content/Anomaly_Videos/Shoplifting/Shoplifting012_x264.mp4,10467,0.20719475803470372,0.19344270039743888,-0.22328279311664545,-5.0862589968485326,1
767,/content/Anomaly_Videos/Shoplifting/Shoplifting012_x264.mp4,10527,0.19529035110347698,0.23749875941931936,-0.2791348664738542,-5.839426906937076,1
768,/content/Anomaly_Videos/Shoplifting/Shoplifting012_x264.mp4,11667,0.09913162785465461,0.04721375498521012,2.9355542236408674,6.631410606685255,1
769,/content/Anomaly_Videos/Shoplifting/Shoplifting012_x264.mp4,11697,0.11140222263198175,0.05934651889875474,-3.118193219284628,-9.236264994550003,1
770,/content/Anomaly_Videos/Shoplifting/Shoplifting012_x264.mp4,11727,0.23967424450328503,0.38890757311825214,2.9397373031222043,7.548965883041817,1
771,/content/Anomaly_Videos/Shoplifting/Shoplifting012_x264.mp4,11757,0.26092852497602537,0.23723091955147485,3.042182008394165,6.8182043582693295,2
772,/content/Anomaly_Videos/Shoplifting/Shoplifting012_x264.mp4,11787,0.5750577495053518,0.7019745676629622,3.0909136572752556,30.69107173476388,1
773,/content/Anomaly_Videos/Shoplifting/Shoplifting012_x264.mp4,11817,0.6277799289202638,0.9783286053149535,3.073553620398932,29.78415407095757,3
774,/content/Anomaly_Videos/Shoplifting/Shoplifting012_x264.mp4,11847,0.35626206966105306,0.7438749218486042,3.050124117367549,221.83778735179266,1
775,/content/Anomaly_Videos/Shoplifting/Shoplifting012_x264.mp4,11877,0.47873813743251603,0.5615015506459126,3.1372527540395505,10.8253959930884,1
776,/content/Anomaly_Videos/Shoplifting/Shoplifting012_x264.mp4,11907,0.681785541889692,0.8683363317180437,-2.817013377349624,73.7305210735534,1
777,/content/Anomaly_Videos/Shoplifting/Shoplifting012_x264.mp4,11937,0.7428603694846005,1.1221905198826678,-3.1388064064303998,165.25843745259039,1
778,/content/Anomaly_Videos/Shoplifting/Shoplifting012_x264.mp4,11967,1.1716999420688106,1.6250935095233427,3.140165641431916,92.08443886987787,2
779,/content/Anomaly_Videos/Shoplifting/Shoplifting012_x264.mp4,11997,1.0030983509069433,0.9638899983714928,-3.0518021770418864,-13.395517901332465,2
780,/content/Anomaly_Videos/Shoplifting/Shoplifting012_x264.mp4,12597,1.6351451007087978,1.1948617284147878,3.112703871643721,20.099838478747785,4
781,/content/Anomaly_Videos/Shoplifting/Shoplifting012_x264.mp4,12627,2.758495537264178,3.370537767800266,3.1217153404498648,16.833159935934635,3
782,/content/Anomaly_Videos/Shoplifting/Shoplifting012_x264.mp4,12657,2.3099725411097407,3.021646979736997,2.979398543329228,11.474505449202637,2
783,/content/Anomaly_Videos/Shoplifting/Shoplifting012_x264.mp4,12777,0.5639665119721681,0.8579582754134533,-2.7562915724031933,-6.633230344658682,1
784,/content/Anomaly_Videos/Shoplifting/Shoplifting012_x264.mp4,12807,1.1161609030280277,1.713797649728401,-2.6936452446017016,-5.064542219756081,2
785,/content/Anomaly_Videos/Shoplifting/Shoplifting012_x264.mp4,12837,0.48370459126172627,0.5660321967388646,-3.07725757530609,-7.733254637123608,1
786,/content/Anomaly_Videos/Shoplifting/Shoplifting012_x264.mp4,12867,0.46891436948309995,0.7594019807302013,-3.123633447405639,-9.662131658804963,1
787,/content/Anomaly_Videos/Shoplifting/Shoplifting012_x264.mp4,12897,0.811067762014657,1.4562259592971405,-2.5006297804069035,-3.121924653140219,2
788,/content/Anomaly_Videos/Shoplifting/Shoplifting012_x264.mp4,12927,0.8636346479361189,0.9279409946473013,0.9000722601613839,3.2987557204828324,3
789,/content/Anomaly_Videos/Shoplifting/Shoplifting012_x264.mp4,12957,0.7591237720280674,0.3448186695119734,-2.9908817893888626,-0.8260761655453056,1
790,/content/Anomaly_Videos/Shoplifting/Shoplifting012_x264.mp4,13197,0.06190490258333743,0.05543651324606359,0.49202317618947455,2.3331055349771788,2
791,/content/Anomaly_Videos/Shoplifting/Shoplifting012_x264.mp4,13227,0.36130290027173556,0.4159314931484144,0.2835999246732456,31.015133845588043,2
792,/content/Anomaly_Videos/Shoplifting/Shoplifting012_x264.mp4,13257,0.3603187719173024,0.5413174659301196,0.051372967942211384,-106.74047753937047,1
793,/content/Anomaly_Videos/Shoplifting/Shoplifting012_x264.mp4,13287,0.2672087088258241,0.2825704138730431,-0.02436144507991932,-39.05383366634353,1
794,/content/Anomaly_Videos/Shoplifting/Shoplifting012_x264.mp4,13317,0.24588708939166787,0.26533628227513895,-0.2047433121272525,-6.396699803091406,1
795,/content/Anomaly_Videos/Shoplifting/Shoplifting012_x264.mp4,13347,0.38284127626172487,0.4818307738793844,-0.21885153630283172,-19.176959900984944,1
796,/content/Anomaly_Videos/Shoplifting/Shoplifting012_x264.mp4,13377,0.04965671508071632,0.14193408984529882,-0.11049368178935304,-24.32561607398009,1
797,/content/Anomaly_Videos/Shoplifting/Shoplifting012_x264.mp4,13407,0.35306344259992606,0.42780546728091245,-0.09529461657529928,-22.1591244591043,1
798,/content/Anomaly_Videos/Shoplifting/Shoplifting012_x264.mp4,13437,0.45859885687390556,0.5777264702498516,0.0005296326739034899,24.468459135176847,2
799,/content/Anomaly_Videos/Shoplifting/Shoplifting012_x264.mp4,13647,0.04837051312821492,0.13823019217341728,2.795719441020268,8.499723898770576,2
800,/content/Anomaly_Videos/Shoplifting/Shoplifting012_x264.mp4,13677,0.2547956774697863,0.33578149686429204,1.0589111660015016,2.919748819123663,1
801,/content/Anomaly_Videos/Shoplifting/Shoplifting012_x264.mp4,13737,0.17016764511860796,0.21355091173348958,0.9942864476087343,3.516370803232826,1
802,/content/Anomaly_Videos/Shoplifting/Shoplifting012_x264.mp4,13767,0.16390668381221954,0.25431860885195345,1.460487941660432,3.359464339811503,4
803,/content/Anomaly_Videos/Shoplifting/Shoplifting012_x264.mp4,13797,0.36878989833094034,0.453403231538751,1.2652412334492413,1.764178600975267,2
804,/content/Anomaly_Videos/Shoplifting/Shoplifting012_x264.mp4,13827,0.10155584125643465,0.046146832979251796,1.063436438180877,-1.1175261110933854,4
805,/content/Anomaly_Videos/Shoplifting/Shoplifting012_x264.mp4,13857,0.10312921238257192,0.12727634605757468,1.1097468644941222,2.0856522158102626,3
806,/content/Anomaly_Videos/Shoplifting/Shoplifting012_x264.mp4,13887,1.3736810780330377,1.512688166317366,1.5245448668890544,1.9212084361016242,2
807,/content/Anomaly_Videos/Shoplifting/Shoplifting012_x264.mp4,13917,0.6775507044674166,0.4299020139134381,0.6537381668606113,2.001052093788746,2
808,/content/Anomaly_Videos/Shoplifting/Shoplifting012_x264.mp4,13947,1.149060430076384,1.3987839803320046,1.4230555977757733,1.7346437281012421,1
809,/content/Anomaly_Videos/Shoplifting/Shoplifting012_x264.mp4,13977,1.2009755428870257,1.2726097223550217,1.3715697118788757,1.370240093471064,3
810,/content/Anomaly_Videos/Shoplifting/Shoplifting012_x264.mp4,14007,1.8116536547891224,2.3916027556857213,1.3001489510058224,1.9549011732816515,1
811,/content/Anomaly_Videos/Shoplifting/Shoplifting012_x264.mp4,14037,1.0114826999039814,1.5706040527368248,0.821414099053912,3.0774520873878175,3
812,/content/Anomaly_Videos/Shoplifting/Shoplifting012_x264.mp4,14127,0.016255874891026232,0.035303036431336435,2.9323374082456155,3.5025713005523187,4
813,/content/Anomaly_Videos/Shoplifting/Shoplifting012_x264.mp4,14157,0.264967697299035,0.28342578303327953,3.101663434038231,30.053670997406087,1
814,/content/Anomaly_Videos/Shoplifting/Shoplifting012_x264.mp4,14337,0.4195423668194395,0.30432143760927394,-0.04960775060372121,-12.68605186613754,2
815,/content/Anomaly_Videos/Shoplifting/Shoplifting012_x264.mp4,14367,0.20961599830271127,0.34680587271075464,0.005135839024712486,3.1436244469688757,1
816,/content/Anomaly_Videos/Shoplifting/Shoplifting012_x264.mp4,14397,0.3419061441096836,0.15799073119143198,-0.11300495294017673,-8.418325964685268,1
817,/content/Anomaly_Videos/Shoplifting/Shoplifting012_x264.mp4,14427,0.45414587920692284,0.6130045500671271,-0.11503873111662637,29.451631573479396,2
818,/content/Anomaly_Videos/Shoplifting/Shoplifting012_x264.mp4,14457,0.21599344775259993,0.09597678115247935,3.0935067635010354,1.0411488994640927,1
819,/content/Anomaly_Videos/Shoplifting/Shoplifting012_x264.mp4,14517,0.6619208809727399,1.153031898583662,0.06859678364855391,21.29878625913094,1
820,/content/Anomaly_Videos/Shoplifting/Shoplifting012_x264.mp4,14577,0.08834337315660941,0.05931320651125722,0.0786889739274231,4.1250069010210595,2
821,/content/Anomaly_Videos/Shoplifting/Shoplifting012_x264.mp4,14607,0.2861730329473832,0.2219558035623964,-0.23569939006064627,-4.471277298670545,3
822,/content/Anomaly_Videos/Shoplifting/Shoplifting012_x264.mp4,14637,0.05253909945498559,0.08198539636476582,0.9297333916773401,1.6181339854446422,2
823,/content/Anomaly_Videos/Shoplifting/Shoplifting012_x264.mp4,14667,0.048527926871003144,0.059661380918804505,1.5506626469901241,1.7419431248813326,2
824,/content/Anomaly_Videos/Shoplifting/Shoplifting012_x264.mp4,14697,0.22511548353860736,0.2107231570208056,-0.3155062311026998,-4.194550968021295,2
825,/content/Anomaly_Videos/Shoplifting/Shoplifting012_x264.mp4,14727,0.07378131926320425,0.12421426745430933,1.2076031457512622,3.753196017957104,1
826,/content/Anomaly_Videos/Shoplifting/Shoplifting012_x264.mp4,14757,0.04807990454545012,0.09523925734177464,1.822777908389387,12.308572072029172,2
827,/content/Anomaly_Videos/Shoplifting/Shoplifting012_x264.mp4,14787,0.23450372013162685,0.20332384987007918,-0.19911736935628155,-3.7102788872038435,1
828,/content/Anomaly_Videos/Shoplifting/Shoplifting012_x264.mp4,14817,0.2648212205133871,0.3849161432539359,-3.0208282553086474,-22.454430647280354,2
829,/content/Anomaly_Videos/Shoplifting/Shoplifting012_x264.mp4,15117,0.588783187818651,0.6688776128553223,-2.947911600983262,-8.839976847001886,4
830,/content/Anomaly_Videos/Shoplifting/Shoplifting012_x264.mp4,15147,0.7763560810777103,1.049650039860311,-3.0154618648704488,-16.858985890835317,4
831,/content/Anomaly_Videos/Shoplifting/Shoplifting012_x264.mp4,15177,0.714428140610582,1.1888725406367702,3.116090468276685,-20.463388180885563,3
832,/content/Anomaly_Videos/Shoplifting/Shoplifting012_x264.mp4,15207,1.0294402244787406,1.2878303972523664,-3.0005586770604173,-11.695012831625462,4
833,/content/Anomaly_Videos/Shoplifting/Shoplifting012_x264.mp4,15237,0.8286953791413765,1.3748160523520487,-2.9607197840288895,-11.30240471752675,1
834,/content/Anomaly_Videos/Shoplifting/Shoplifting012_x264.mp4,15267,0.19765984208738596,0.26406038226821205,0.2013735792070453,5.540497059611287,3
835,/content/Anomaly_Videos/Shoplifting/Shoplifting012_x264.mp4,15297,0.4521787034171368,0.4847564577174474,-2.5755230242040623,-21.21956156077272,5
836,/content/Anomaly_Videos/Shoplifting/Shoplifting012_x264.mp4,15327,0.3772537061536025,0.506443578348563,-1.8932794355271891,-3.7498050696527683,1
837,/content/Anomaly_Videos/Shoplifting/Shoplifting012_x264.mp4,15537,0.28014223360220325,0.36813429204243864,-1.7537412338596812,-2.17149513899569,3
838,/content/Anomaly_Videos/Shoplifting/Shoplifting012_x264.mp4,15567,0.6622493651393854,0.8481751978413788,-1.8688188216874264,-1.8018454393461432,1
839,/content/Anomaly_Videos/Shoplifting/Shoplifting012_x264.mp4,15597,0.13593312979231847,0.6822216736461414,-2.0738842587392696,-7.159017795087054,1
840,/content/Anomaly_Videos/Shoplifting/Shoplifting012_x264.mp4,15627,0.11452405526021274,0.2700651669136441,-2.0736964504117905,-5.055004015702131,1
841,/content/Anomaly_Videos/Shoplifting/Shoplifting012_x264.mp4,15657,0.132506346532955,0.16348956637137937,-1.8128586725481144,-2.810227191820606,2
842,/content/Anomaly_Videos/Shoplifting/Shoplifting012_x264.mp4,15687,0.18404194707813623,0.21313491830341486,-1.1343376052284984,-2.13391284719321,2
843,/content/Anomaly_Videos/Shoplifting/Shoplifting012_x264.mp4,15717,0.09325259733307156,0.09968689904635983,2.9816174870196663,31.71759221830026,2
844,/content/Anomaly_Videos/Shoplifting/Shoplifting012_x264.mp4,15747,0.11686762358498189,0.37290793517936394,-1.2643179970452298,-6.305997791230756,1
845,/content/Anomaly_Videos/Shoplifting/Shoplifting012_x264.mp4,15777,0.18350754904555838,0.13946264233984965,-2.2475959769966596,-1.7034529794595088,1
846,/content/Anomaly_Videos/Shoplifting/Shoplifting012_x264.mp4,15807,0.4034695430788185,0.6071024098654729,-1.2979670747601597,-2.3252495532775246,1
847,/content/Anomaly_Videos/Shoplifting/Shoplifting012_x264.mp4,15837,0.45440408669907345,0.7333687208734893,-1.569708131848764,-2.1072935554115957,2
848,/content/Anomaly_Videos/Shoplifting/Shoplifting012_x264.mp4,15867,1.068663076328592,1.3074984549276658,-1.670983024142598,-1.711172950463239,1
849,/content/Anomaly_Videos/Shoplifting/Shoplifting012_x264.mp4,15897,0.6088952979291657,0.8412788779803946,-1.0801654725344634,-2.37685331627828,1
850,/content/Anomaly_Videos/Shoplifting/Shoplifting012_x264.mp4,15927,0.6153239371544164,0.9691317334605016,-1.2952247744142815,-2.4848233754030384,1
851,/content/Anomaly_Videos/Shoplifting/Shoplifting012_x264.mp4,15957,0.21134231583126595,0.11364348207431002,-1.7883519373345107,-0.4390933456204467,1
852,/content/Anomaly_Videos/Shoplifting/Shoplifting012_x264.mp4,15987,0.7906405417044077,0.8411830179514359,-0.06482710681051912,51.975535262564605,2
853,/content/Anomaly_Videos/Shoplifting/Shoplifting012_x264.mp4,16047,1.0165002075695173,0.8606510679537207,0.08936971594032746,14.35058485097184,2
854,/content/Anomaly_Videos/Shoplifting/Shoplifting012_x264.mp4,16077,1.1800229021808992,1.3905743111840894,-0.03981544551340494,-82.22362032151733,1
855,/content/Anomaly_Videos/Shoplifting/Shoplifting012_x264.mp4,16107,0.31182685182868325,1.3381119602792846,-0.08332007475247645,27.67595460089424,1
856,/content/Anomaly_Videos/Shoplifting/Shoplifting012_x264.mp4,16137,0.649237675174242,1.0749314419073663,-0.08766041877119551,43.381018440467955,1
857,/content/Anomaly_Videos/Shoplifting/Shoplifting012_x264.mp4,16197,0.9494339794346837,1.3254302674607121,0.11167985249259924,-18.319813984668404,1
858,/content/Anomaly_Videos/Shoplifting/Shoplifting012_x264.mp4,16227,0.5547569819795455,0.7838752988620609,0.23836564467639884,10.5630455365305,1
859,/content/Anomaly_Videos/Shoplifting/Shoplifting012_x264.mp4,16257,0.8419497366814314,0.9737190586284096,0.08921650076223885,18.089292087545335,1
860,/content/Anomaly_Videos/Shoplifting/Shoplifting012_x264.mp4,16287,0.8963811548079517,1.4173849341088625,0.19392348433103196,36.90081870738854,1
861,/content/Anomaly_Videos/Shoplifting/Shoplifting012_x264.mp4,16317,1.1982651273841072,1.5776975803122526,0.15195315053178246,18.453014519858904,1
862,/content/Anomaly_Videos/Shoplifting/Shoplifting012_x264.mp4,16347,0.40520913839156225,0.4552849766148257,0.2511837797843661,14.243332576679867,1
863,/content/Anomaly_Videos/Shoplifting/Shoplifting012_x264.mp4,16377,0.6383394768476022,1.005435978204163,0.22099317191994594,18.34823873060314,1
864,/content/Anomaly_Videos/Shoplifting/Shoplifting012_x264.mp4,16407,0.7594438596274905,0.9603356713483443,0.07536080032262268,21.511026689874743,1
865,/content/Anomaly_Videos/Shoplifting/Shoplifting012_x264.mp4,16437,0.7689076309277706,1.1658556874194455,0.04583287200548545,16.24239995604256,1
866,/content/Anomaly_Videos/Shoplifting/Shoplifting012_x264.mp4,16467,0.673658821181225,0.832771216548806,0.049836592879280495,27.75421446516534,1
867,/content/Anomaly_Videos/Shoplifting/Shoplifting012_x264.mp4,16497,0.9336205611609376,1.537333011019407,0.2017589408164589,26.40378527183987,1
868,/content/Anomaly_Videos/Shoplifting/Shoplifting012_x264.mp4,16527,1.0682291118198817,1.6036423014045889,0.166942754803961,22.61837982671928,1
869,/content/Anomaly_Videos/Shoplifting/Shoplifting012_x264.mp4,17127,0.3031988387645734,0.26346223960796644,-1.9694265081709568,-1.4551080811639279,1
870,/content/Anomaly_Videos/Shoplifting/Shoplifting012_x264.mp4,18177,0.35970965987458686,0.5502751411838727,0.07749912531735849,54.19957673450745,1
871,/content/Anomaly_Videos/Shoplifting/Shoplifting012_x264.mp4,18207,0.3095021635301045,0.49580479150852946,0.11255996850036663,40.26002338180683,2
872,/content/Anomaly_Videos/Shoplifting/Shoplifting012_x264.mp4,18237,0.32639231349414155,0.629988904755061,0.07743534047327533,-210.0136095112828,1
873,/content/Anomaly_Videos/Shoplifting/Shoplifting012_x264.mp4,18267,0.43386278080270657,0.6162265256337494,0.08705381514617788,23.190727638225933,1
874,/content/Anomaly_Videos/Shoplifting/Shoplifting012_x264.mp4,18297,0.5132475524638961,0.55204705916723,0.007521179373236694,16.059489550046724,2
875,/content/Anomaly_Videos/Shoplifting/Shoplifting012_x264.mp4,18327,0.4085209442275441,0.5381949963660672,0.05740085408160357,29.059273516537903,1
876,/content/Anomaly_Videos/Shoplifting/Shoplifting012_x264.mp4,18357,0.42417720474460474,0.5375875256575218,0.017599275467443446,107.06451771538543,1
877,/content/Anomaly_Videos/Shoplifting/Shoplifting012_x264.mp4,18387,0.5021581090845978,0.7555350834050284,0.02063194626174098,-14.556646916234264,1
878,/content/Anomaly_Videos/Shoplifting/Shoplifting012_x264.mp4,18837,0.3797882642480254,0.6096447342816336,-0.08749244711450926,-46.84630607374743,1
879,/content/Anomaly_Videos/Shoplifting/Shoplifting012_x264.mp4,18927,0.3703707164684509,0.4378409657271055,-2.9134245848251124,-9.299280130508574,1
880,/content/Anomaly_Videos/Shoplifting/Shoplifting012_x264.mp4,18957,0.32651588875388193,0.36553922342696366,-2.921345058847556,-8.886637156131483,1
881,/content/Anomaly_Videos/Shoplifting/Shoplifting012_x264.mp4,18987,0.26289296685782965,0.3524156078089615,-2.91281834009904,-5.809817766418653,1
882,/content/Anomaly_Videos/Shoplifting/Shoplifting012_x264.mp4,19017,0.28692779219819536,0.375609192969689,-2.8463051610574626,-6.218688168430449,1
883,/content/Anomaly_Videos/Shoplifting/Shoplifting012_x264.mp4,19047,0.4556941089471248,0.6439479741546188,-0.06720109807715023,119.91801997019111,2
884,/content/Anomaly_Videos/Shoplifting/Shoplifting012_x264.mp4,19077,0.032563947978178374,0.041924883397579556,-1.265799469703207,-1.2890921603102512,2
885,/content/Anomaly_Videos/Shoplifting/Shoplifting012_x264.mp4,19107,0.09361845646274158,0.035106300562045854,-2.7778055311563623,-1.634446820912439,2
886,/content/Anomaly_Videos/Shoplifting/Shoplifting012_x264.mp4,19137,0.09262808700644418,0.08054190809875389,-0.13103462350518905,-2.5743850887327695,2
887,/content/Anomaly_Videos/Shoplifting/Shoplifting012_x264.mp4,19167,0.296855034037357,0.29487759136582214,-0.12320032513905475,40.783020163092786,1
888,/content/Anomaly_Videos/Shoplifting/Shoplifting012_x264.mp4,19197,0.17802053746224258,0.2125704423322807,-0.018561920336895243,-25.043820582457073,1
889,/content/Anomaly_Videos/Shoplifting/Shoplifting012_x264.mp4,19227,0.0046843729668478344,0.06619259834839424,0.600444565986705,-1.4960951874110897,1
890,/content/Anomaly_Videos/Shoplifting/Shoplifting012_x264.mp4,19257,0.28167587899812196,0.2586175955310423,-0.10423527674045319,-7.810602222139092,1
891,/content/Anomaly_Videos/Shoplifting/Shoplifting012_x264.mp4,19287,0.5490881191984487,0.6576298103767385,-0.37552195126442034,-5.696829276175145,2
892,/content/Anomaly_Videos/Shoplifting/Shoplifting012_x264.mp4,19317,0.7574678271366951,0.7101247419754685,-0.10802016843945872,-17.282876258532266,1
893,/content/Anomaly_Videos/Shoplifting/Shoplifting012_x264.mp4,19527,0.8321692207479392,0.7495484474773102,1.5291018551873143,1.382509887654312,3
894,/content/Anomaly_Videos/Shoplifting/Shoplifting012_x264.mp4,19557,0.35654718377116446,0.36689098207674015,1.3706327344029707,1.5103080577622152,3
895,/content/Anomaly_Videos/Shoplifting/Shoplifting012_x264.mp4,19587,0.2467494227373396,0.29783877986731494,1.3146612237870654,2.108514620215621,3
896,/content/Anomaly_Videos/Shoplifting/Shoplifting012_x264.mp4,19617,0.21902848146425782,0.18533349896572618,1.4240875272177878,0.9168034462711728,2
897,/content/Anomaly_Videos/Shoplifting/Shoplifting012_x264.mp4,19647,0.3684281525719458,0.3304646335673112,1.6434499300819037,1.8556918559539604,4
898,/content/Anomaly_Videos/Shoplifting/Shoplifting012_x264.mp4,19677,0.40284570134358266,0.3342153798680753,1.5743152798054703,1.5637895652891904,2
899,/content/Anomaly_Videos/Shoplifting/Shoplifting012_x264.mp4,19707,0.32476306968415236,0.2733264672698805,1.4812197126304476,1.424300703321613,3
900,/content/Anomaly_Videos/Shoplifting/Shoplifting012_x264.mp4,19737,0.30137779342243853,0.5050278180714404,1.175060284412652,-10.41331552478936,3
901,/content/Anomaly_Videos/Shoplifting/Shoplifting012_x264.mp4,19977,0.4345674246642543,0.7140524176286784,-0.07175530257903515,-22.373060107307488,1
902,/content/Anomaly_Videos/Shoplifting/Shoplifting012_x264.mp4,23187,0.19628154354483482,0.2571687563768891,-3.0702566190879277,-43.97339194500946,1
903,/content/Anomaly_Videos/Shoplifting/Shoplifting012_x264.mp4,23217,0.1563579637048769,0.24746725476910897,-0.4131905239749326,-15.186003466342003,1
904,/content/Anomaly_Videos/Shoplifting/Shoplifting012_x264.mp4,23247,0.0780643804350801,0.1238719791123844,-1.2432545620828175,-13.787700232640118,1
905,/content/Anomaly_Videos/Shoplifting/Shoplifting043_x264.mp4,442,0.3285619307033189,0.839984325315635,-2.633624920001118,-4.669889797313843,1
906,/content/Anomaly_Videos/Shoplifting/Shoplifting043_x264.mp4,472,0.4453172995698032,0.7165580026893397,-1.9722917986632904,-2.0543725882281243,1
907,/content/Anomaly_Videos/Shoplifting/Shoplifting043_x264.mp4,532,0.2569118054702409,0.5112252237739712,-1.9530041468066122,-2.7799223106568536,1
908,/content/Anomaly_Videos/Shoplifting/Shoplifting043_x264.mp4,1432,1.1391937355069695,1.7130753124231193,-0.034382497680508224,-87.38198688019189,2
909,/content/Anomaly_Videos/Shoplifting/Shoplifting043_x264.mp4,1612,0.8890790580125839,1.6512245568357522,0.05475383250419686,34.68922150970655,1
910,/content/Anomaly_Videos/Shoplifting/Shoplifting043_x264.mp4,1642,1.1227510578050752,1.8104295302216762,0.00591043125875446,24.34685470530093,1
911,/content/Anomaly_Videos/Shoplifting/Shoplifting043_x264.mp4,1672,1.3038587905446526,2.309624095018493,-0.0012351935064125617,30.85293290772224,1
912,/content/Anomaly_Videos/Shoplifting/Shoplifting043_x264.mp4,3592,0.6529099372600082,0.727080239239911,-2.979760504108181,-7.632031142228413,3
913,/content/Anomaly_Videos/Shoplifting/Shoplifting043_x264.mp4,3652,0.6244340552551326,0.7903759430572523,-2.9858748176954633,-7.837464407375097,2
914,/content/Anomaly_Videos/Shoplifting/Shoplifting043_x264.mp4,3682,0.8130966779613554,0.9330919661651957,-0.024558714954394913,49.89763834631085,4
915,/content/Anomaly_Videos/Shoplifting/Shoplifting043_x264.mp4,3712,0.8650561831558226,1.185648431068381,-0.09385135243757958,-84.59230205441352,2
916,/content/Anomaly_Videos/Shoplifting/Shoplifting043_x264.mp4,3982,0.12827036713621331,0.12453937975709095,2.7441475658816006,5.4814486416971,2
917,/content/Anomaly_Videos/Shoplifting/Shoplifting043_x264.mp4,4012,0.4675434481402153,0.8301448477139168,-3.109415456197121,-37.25828474728736,3
918,/content/Anomaly_Videos/Shoplifting/Shoplifting043_x264.mp4,4042,0.8274994140825962,1.2327683528193023,-3.086573056535268,126.80277936087136,2
919,/content/Anomaly_Videos/Shoplifting/Shoplifting043_x264.mp4,4072,0.5814726457683289,0.5860554042705794,-3.1075503280749612,11.868144702529046,4
920,/content/Anomaly_Videos/Shoplifting/Shoplifting043_x264.mp4,4102,0.7194712096166851,0.8783826240719309,-3.0812769577121846,-267.30541827105594,2
921,/content/Anomaly_Videos/Shoplifting/Shoplifting043_x264.mp4,4132,0.564693837778065,0.6122949304765382,-3.1384263610804735,13.892955750333527,2
922,/content/Anomaly_Videos/Shoplifting/Shoplifting043_x264.mp4,4162,0.6119396112804752,0.6169275898638742,3.0439726115398056,11.995609202955379,2
923,/content/Anomaly_Videos/Shoplifting/Shoplifting043_x264.mp4,4192,0.253702522147395,0.2939247178335717,2.9507529949510767,5.2468914696468385,1
924,/content/Anomaly_Videos/Shoplifting/Shoplifting043_x264.mp4,4222,0.6220268126668266,0.665538907811505,3.0942352797623673,4.416126976868184,1
925,/content/Anomaly_Videos/Shoplifting/Shoplifting043_x264.mp4,4252,0.4286867143765246,0.28459075822005114,3.0150828978617144,3.5944578865417687,1
926,/content/Anomaly_Videos/Shoplifting/Shoplifting043_x264.mp4,8662,1.0537771137802192,1.7919627772627615,-2.782121991725992,-7.484634858973487,1
927,/content/Anomaly_Videos/Shoplifting/Shoplifting043_x264.mp4,8722,0.9127878429505184,1.3976222691050157,-2.759509106282547,-5.6592041598891765,2
928,/content/Anomaly_Videos/Shoplifting/Shoplifting043_x264.mp4,8752,0.35721628571125735,0.8064344259623852,3.1060658859694183,41.650939410062136,1
929,/content/Anomaly_Videos/Shoplifting/Shoplifting043_x264.mp4,8782,0.4938793511661449,0.8530746764528295,-2.977811496242526,-9.322639110180447,1
930,/content/Anomaly_Videos/Shoplifting/Shoplifting043_x264.mp4,8812,0.7132005996414715,1.0410108460936007,-2.77238224597953,-4.0115836485256,1
931,/content/Anomaly_Videos/Shoplifting/Shoplifting043_x264.mp4,8842,0.6369909802437601,1.1896424450227923,-2.5823101291190347,-5.649242931802116,2
932,/content/Anomaly_Videos/Shoplifting/Shoplifting043_x264.mp4,8872,1.0170775899228783,0.955809314354323,-2.6119492015920014,-3.6993915917331597,1
933,/content/Anomaly_Videos/Shoplifting/Shoplifting043_x264.mp4,8902,0.4758108120358443,0.6000440886127707,1.6793228738821415,2.4863309013164336,2
934,/content/Anomaly_Videos/Shoplifting/Shoplifting043_x264.mp4,8932,0.30830231416519505,0.24380011067308216,2.075268662172621,4.7380330985559915,1
935,/content/Anomaly_Videos/Shoplifting/Shoplifting021_x264.mp4,19,0.5941410370014254,0.9990868943561912,-2.4348722001338983,-4.828322230675295,1
936,/content/Anomaly_Videos/Shoplifting/Shoplifting021_x264.mp4,49,0.6097074740461199,1.02038531952285,-2.34448421990357,-4.206367519589426,1
937,/content/Anomaly_Videos/Shoplifting/Shoplifting021_x264.mp4,79,0.6229449014657812,0.7093604811018791,-2.718676624871339,-4.672842371367354,2
938,/content/Anomaly_Videos/Shoplifting/Shoplifting021_x264.mp4,169,0.08975331243174707,0.13207092187621047,-0.6905611096810498,-2.8503464664148463,1
939,/content/Anomaly_Videos/Shoplifting/Shoplifting021_x264.mp4,199,0.08622163817194076,0.13719294459071305,-0.7380786310716229,-2.888619622794582,1
940,/content/Anomaly_Videos/Shoplifting/Shoplifting021_x264.mp4,229,0.3998428745667422,0.8064002640945139,0.09702758097513171,32.7403198568597,2
941,/content/Anomaly_Videos/Shoplifting/Shoplifting021_x264.mp4,259,0.32607505680870935,0.3817383834420192,-0.09608262289830254,11.96288011823257,1
942,/content/Anomaly_Videos/Shoplifting/Shoplifting021_x264.mp4,289,0.07107322096786635,0.13472157858931819,-1.0809991309094023,-4.096442336983411,1
943,/content/Anomaly_Videos/Shoplifting/Shoplifting021_x264.mp4,319,0.09673191504426105,0.12562373502404842,-0.861835046612414,-2.291565046649907,1
944,/content/Anomaly_Videos/Shoplifting/Shoplifting021_x264.mp4,349,0.08182371550817712,0.05624909205318877,-0.5244217575192461,-0.9895085054038827,1
945,/content/Anomaly_Videos/Shoplifting/Shoplifting021_x264.mp4,379,0.06363428228518507,0.03556761094224007,-0.25906501599396003,-0.7005473021005251,1
946,/content/Anomaly_Videos/Shoplifting/Shoplifting021_x264.mp4,409,0.05651917333987727,0.02881545433704501,0.03497422290987249,-0.8953329818574021,1
947,/content/Anomaly_Videos/Shoplifting/Shoplifting021_x264.mp4,439,0.07962400867392577,0.03034453925681656,0.011716609829335117,-1.0223054917520085,1
948,/content/Anomaly_Videos/Shoplifting/Shoplifting021_x264.mp4,469,0.14504660761852664,0.2839044168046179,-0.5091395015686699,-6.117363097059819,1
949,/content/Anomaly_Videos/Shoplifting/Shoplifting021_x264.mp4,499,0.1639331336811456,0.2792483038789894,-1.1666317446383672,-3.6986174317130316,1
950,/content/Anomaly_Videos/Shoplifting/Shoplifting021_x264.mp4,529,0.37327297405273985,0.6774142718633526,-0.002578134301707922,-43.67959768531124,2
951,/content/Anomaly_Videos/Shoplifting/Shoplifting021_x264.mp4,559,0.3907487626793398,0.5956562384892309,-0.02315200593695584,-71.35581591621153,2
952,/content/Anomaly_Videos/Shoplifting/Shoplifting021_x264.mp4,619,0.17919303599747094,0.21225188038026163,-0.10263906283705983,-5.924555647044809,1
953,/content/Anomaly_Videos/Shoplifting/Shoplifting021_x264.mp4,649,0.4236466559282886,0.623107746825453,0.013377326042456162,24.02674623422242,2
954,/content/Anomaly_Videos/Shoplifting/Shoplifting021_x264.mp4,679,0.046219293228530973,0.076951613022078,-1.5779001772512082,-2.3083854835141886,1
955,/content/Anomaly_Videos/Shoplifting/Shoplifting021_x264.mp4,709,0.04099306135923394,0.06858851889823976,-2.5610304871988,-4.887091745911657,1
956,/content/Anomaly_Videos/Shoplifting/Shoplifting021_x264.mp4,739,0.03533053754878999,0.07903023782876016,-0.6570194053409486,-2.928389407113171,1
957,/content/Anomaly_Videos/Shoplifting/Shoplifting021_x264.mp4,769,0.1762254628415958,0.23651489652769303,0.27481313019998105,7.374811369565168,2
958,/content/Anomaly_Videos/Shoplifting/Shoplifting021_x264.mp4,799,0.32009544886371066,0.4438625057547516,0.11842668479946018,7.14571391469479,2
959,/content/Anomaly_Videos/Shoplifting/Shoplifting021_x264.mp4,829,0.03052477857700462,0.12280514354284998,-1.586332348780291,-5.461310185123216,1
960,/content/Anomaly_Videos/Shoplifting/Shoplifting021_x264.mp4,859,0.10262595901795764,0.18276628067031425,-1.5662707566381333,-3.965118454461326,1
961,/content/Anomaly_Videos/Shoplifting/Shoplifting021_x264.mp4,889,0.274840975342967,0.26527760838742964,-0.6757683772079242,-2.665982035507924,1
962,/content/Anomaly_Videos/Shoplifting/Shoplifting021_x264.mp4,919,0.3306574959554541,0.4592307977456586,-0.5195107610371508,-4.743186699223955,1
963,/content/Anomaly_Videos/Shoplifting/Shoplifting021_x264.mp4,949,0.2197513204997389,0.33740091035239295,-0.9330698273009884,-4.487054389064519,1
964,/content/Anomaly_Videos/Shoplifting/Shoplifting021_x264.mp4,979,0.2176341794611901,0.4614233186227778,-1.2107135455235472,-5.0838177195981,1
965,/content/Anomaly_Videos/Shoplifting/Shoplifting021_x264.mp4,1009,0.2521921402390701,0.5605763656069037,-1.3278921901868788,-4.501115966828779,1
966,/content/Anomaly_Videos/Shoplifting/Shoplifting021_x264.mp4,1039,0.2512513187610143,0.20114367272036202,2.847564938934796,12.331292549487038,1
967,/content/Anomaly_Videos/Shoplifting/Shoplifting021_x264.mp4,1069,0.34022495291018917,0.47630840523334533,-0.18928737229523832,-27.903643013780027,2
968,/content/Anomaly_Videos/Shoplifting/Shoplifting021_x264.mp4,1099,0.3006405616032838,0.43290460072390874,0.23507462541014448,-6.20095264312461,2
969,/content/Anomaly_Videos/Shoplifting/Shoplifting021_x264.mp4,1129,0.3228213892085053,0.48007405006049453,-0.11153025224725349,-24.15718077114604,2
970,/content/Anomaly_Videos/Shoplifting/Shoplifting021_x264.mp4,1159,0.23709768460377664,0.31959148461170683,-1.0369314196464308,-3.4288750588918346,3
971,/content/Anomaly_Videos/Shoplifting/Shoplifting021_x264.mp4,1189,0.4615315270154043,1.014970653135077,0.004148160133548546,68.31629027476858,3
972,/content/Anomaly_Videos/Shoplifting/Shoplifting021_x264.mp4,1279,0.541493776969179,0.8421150560378403,-0.2695780023490828,-12.04015062772827,2
973,/content/Anomaly_Videos/Shoplifting/Shoplifting021_x264.mp4,1309,0.5401399185739946,0.733944462529185,-0.24261280341359853,-13.709943672757403,1
974,/content/Anomaly_Videos/Shoplifting/Shoplifting021_x264.mp4,1519,0.3651277748443103,0.597333733639103,-1.5717517896848388,-2.354480870565585,2
975,/content/Anomaly_Videos/Shoplifting/Shoplifting021_x264.mp4,1549,0.4756228814818999,0.8305789807793964,-1.6233677267824922,-2.5535137681134428,2
976,/content/Anomaly_Videos/Shoplifting/Shoplifting021_x264.mp4,1579,0.21917526333124435,0.14651630979573435,-1.6285966022149982,-0.6634003453825382,2
977,/content/Anomaly_Videos/Shoplifting/Shoplifting021_x264.mp4,1609,0.4796840923274548,0.8979547843647456,-1.5721732314869996,-2.5385117634585015,2
978,/content/Anomaly_Videos/Shoplifting/Shoplifting021_x264.mp4,1639,0.29948796382007115,0.6945384351285623,-1.6786460436233746,-3.42680529643246,1
979,/content/Anomaly_Videos/Shoplifting/Shoplifting021_x264.mp4,1669,0.6456722454034767,0.8632132573694324,-1.5478621120812683,-2.2089462163278113,2
980,/content/Anomaly_Videos/Shoplifting/Shoplifting021_x264.mp4,1699,0.18120458395281752,0.07523245830645768,-1.5363308646098401,-0.8977439621058898,2
981,/content/Anomaly_Videos/Shoplifting/Shoplifting021_x264.mp4,1729,0.3269768581199631,0.7025288356978086,-1.3447350946140766,-4.374917374254305,2
982,/content/Anomaly_Videos/Shoplifting/Shoplifting021_x264.mp4,1759,0.3314359167449222,0.4846656136802202,-1.5678603835942153,-2.9619636836698144,2
983,/content/Anomaly_Videos/Shoplifting/Shoplifting021_x264.mp4,1789,0.30266094313416986,0.578489830241219,-1.4022684814601827,-3.389850525423581,1
984,/content/Anomaly_Videos/Shoplifting/Shoplifting021_x264.mp4,1819,0.23568630027378548,0.350858839863968,-1.653044593246859,-2.292574352990351,2
985,/content/Anomaly_Videos/Shoplifting/Shoplifting021_x264.mp4,1849,0.5234724061694567,0.8051000612635056,-2.2875645129856883,-2.8909963306284525,1
986,/content/Anomaly_Videos/Shoplifting/Shoplifting021_x264.mp4,1879,0.3409735278486301,0.6297056087632042,-1.787340471176191,-2.9891422415303164,1
987,/content/Anomaly_Videos/Shoplifting/Shoplifting021_x264.mp4,1909,0.07630622094872956,0.12617706410981702,-1.1170927181284558,-4.517358850006238,2
988,/content/Anomaly_Videos/Shoplifting/Shoplifting021_x264.mp4,1939,0.26614044192105507,0.5697432535401306,-1.6516992268601884,-2.940489666804647,3
989,/content/Anomaly_Videos/Shoplifting/Shoplifting021_x264.mp4,1969,0.592481188551727,0.7404148380159582,-1.683574195369756,-1.6661155913071823,2
990,/content/Anomaly_Videos/Shoplifting/Shoplifting021_x264.mp4,1999,0.39281042884512446,0.8935550953121089,-1.4907487627662204,-2.805019843275964,2
991,/content/Anomaly_Videos/Shoplifting/Shoplifting021_x264.mp4,2059,0.205856408412003,0.15383236623910002,3.0070724246266165,6.11955346309124,1
992,/content/Anomaly_Videos/Shoplifting/Shoplifting021_x264.mp4,2089,0.30756548973366843,0.4601948214653005,-0.10316175109791013,-8.117455502384294,1
993,/content/Anomaly_Videos/Shoplifting/Shoplifting021_x264.mp4,2119,0.2790423059627141,0.4157959230857637,-0.2974487673736449,-9.271442202862605,2
994,/content/Anomaly_Videos/Shoplifting/Shoplifting021_x264.mp4,2239,0.5261500920552439,0.4722987449558997,-0.1714741025681642,-5.791277890321902,1
995,/content/Anomaly_Videos/Shoplifting/Shoplifting021_x264.mp4,2269,0.5951170149961839,0.7408008556075253,-0.05850023073187451,-21.353914188857345,1
996,/content/Anomaly_Videos/Shoplifting/Shoplifting021_x264.mp4,2299,0.7298074498996119,0.9058242888955773,2.8813498891384075,13.788630482344763,1
997,/content/Anomaly_Videos/Shoplifting/Shoplifting021_x264.mp4,2329,0.7447737777461146,1.015860027143557,2.958937142902523,18.22700100010194,1
998,/content/Anomaly_Videos/Shoplifting/Shoplifting021_x264.mp4,2419,0.43899939527991527,0.4906090866201932,-0.20054448684373763,-8.247351384124721,1
999,/content/Anomaly_Videos/Shoplifting/Shoplifting021_x264.mp4,2449,0.5228627434110726,0.6084056636212092,-0.16641571514860862,-14.462719064562632,1
1000,/content/Anomaly_Videos/Shoplifting/Shoplifting021_x264.mp4,2479,0.6669065553115208,0.7238366760467139,-0.14803194928828559,-542.2380899606065,2
1001,/content/Anomaly_Videos/Shoplifting/Shoplifting021_x264.mp4,2509,0.6530158082270836,0.9594088986063446,-0.11995755033418626,-10.35042197496585,1
1002,/content/Anomaly_Videos/Shoplifting/Shoplifting021_x264.mp4,2539,0.34289936019240724,0.37881445533852803,-0.11124223759321873,-9.683627591785024,1
1003,/content/Anomaly_Videos/Shoplifting/Shoplifting021_x264.mp4,2569,0.25645306864600365,0.23941269661014328,3.1340534808634337,-10.40975937762135,1
1004,/content/Anomaly_Videos/Shoplifting/Shoplifting021_x264.mp4,2599,0.44296960187684586,0.4502560066429966,-0.1395489313006274,-15.710193430927713,2
1005,/content/Anomaly_Videos/Shoplifting/Shoplifting021_x264.mp4,2629,0.47077609142417326,0.7184035420793172,-0.02989089938306924,-16.72473128811419,1
1006,/content/Anomaly_Videos/Shoplifting/Shoplifting021_x264.mp4,2659,0.2657674763625721,0.2493008943463254,-3.1341390737407164,74.60091594623266,1
1007,/content/Anomaly_Videos/Shoplifting/Shoplifting021_x264.mp4,2689,0.08384240986879589,0.12448705306770563,-3.0482443840292874,-6.808360157126241,1
1008,/content/Anomaly_Videos/Shoplifting/Shoplifting021_x264.mp4,2719,0.09172434179023774,0.08326512655247076,-0.12203445796693412,-4.551757102159096,1
1009,/content/Anomaly_Videos/Shoplifting/Shoplifting021_x264.mp4,2749,0.04013870540037342,0.06553935133115532,-0.39431410265533845,-2.0688090148649296,1
1010,/content/Anomaly_Videos/Shoplifting/Shoplifting021_x264.mp4,2779,0.06267465820221468,0.11406564671665635,-0.3594512635913073,-4.433903975480088,1
1011,/content/Anomaly_Videos/Shoplifting/Shoplifting021_x264.mp4,2809,0.10276989375759614,0.14958658245480755,0.013177852758050364,-21.111286493990566,1
1012,/content/Anomaly_Videos/Shoplifting/Shoplifting021_x264.mp4,2839,0.0948130795462893,0.05953830040071856,-2.659889780716424,-2.3688999283694048,1
1013,/content/Anomaly_Videos/Shoplifting/Shoplifting021_x264.mp4,2869,0.04628783466605062,0.07461073671578969,3.0337973622324066,-2.184386406397942,1
1014,/content/Anomaly_Videos/Shoplifting/Shoplifting021_x264.mp4,2899,0.22887497656969036,0.29382823623897447,0.14271807815166324,-2.392849723408099,1
1015,/content/Anomaly_Videos/Shoplifting/Shoplifting021_x264.mp4,2929,0.2912216270248838,0.39115184919044693,0.468052951926908,9.033734601441768,1
1016,/content/Anomaly_Videos/Shoplifting/Shoplifting021_x264.mp4,2959,0.20745800305900933,0.1512896939291533,0.1430871977781727,5.003005630600631,2
1017,/content/Anomaly_Videos/Shoplifting/Shoplifting021_x264.mp4,2989,0.03925556531676277,0.05185736173120657,-0.08554093156535689,5.976370985489374,2
1018,/content/Anomaly_Videos/Shoplifting/Shoplifting021_x264.mp4,3019,0.12487814302730682,0.22306256956647982,0.028184384422869618,-72.41285793873683,1
1019,/content/Anomaly_Videos/Shoplifting/Shoplifting021_x264.mp4,3049,0.23847965050507147,0.4117217695726023,-0.3212658815980448,-11.282616569979169,1
1020,/content/Anomaly_Videos/Shoplifting/Shoplifting021_x264.mp4,3079,0.24171255514839646,0.5077786138326225,-0.576344339237355,-8.60442435189958,1
1021,/content/Anomaly_Videos/Shoplifting/Shoplifting021_x264.mp4,3109,0.1122201676960399,0.451731952410663,-1.0996748464799344,-5.3489275682575155,1
1022,/content/Anomaly_Videos/Shoplifting/Shoplifting021_x264.mp4,3139,0.22129257552152934,0.4231141650994855,-0.04647071664558582,-15.010853685710876,1
1023,/content/Anomaly_Videos/Shoplifting/Shoplifting021_x264.mp4,3169,0.1790813470130143,0.4020189708439838,-0.1728753910989388,-8.589609715898819,1
1024,/content/Anomaly_Videos/Shoplifting/Shoplifting021_x264.mp4,3199,0.2492126533764689,0.41967892446454624,-0.3880904961407931,-10.113841363197363,1
1025,/content/Anomaly_Videos/Shoplifting/Shoplifting021_x264.mp4,3229,0.0872951974329396,0.23803531686447105,-2.0599768140372103,-10.688797572583182,1
1026,/content/Anomaly_Videos/Shoplifting/Shoplifting021_x264.mp4,3319,0.8131374849768518,1.142024811352624,-0.20777978529059082,-17.917825749511582,1
1027,/content/Anomaly_Videos/Shoplifting/Shoplifting021_x264.mp4,3349,0.8537811637523254,1.158991087122213,-0.14853528218772125,-31.367893998490356,1
1028,/content/Anomaly_Videos/Shoplifting/Shoplifting021_x264.mp4,3379,0.43449173143717695,1.0125206625432206,0.017608964718891423,-7.163625830949597,1
1029,/content/Anomaly_Videos/Shoplifting/Shoplifting021_x264.mp4,3439,0.061193478111358474,0.0883560438000692,-0.6976182663584504,-1.832253781624444,1
1030,/content/Anomaly_Videos/Shoplifting/Shoplifting021_x264.mp4,3469,0.21404379364907963,0.3165618607070035,-0.06946427667269177,-19.399876954929795,3
1031,/content/Anomaly_Videos/Shoplifting/Shoplifting021_x264.mp4,3499,0.07727943143773562,0.09391053378650217,-0.31260140146882615,-2.346293661010418,2
1032,/content/Anomaly_Videos/Shoplifting/Shoplifting021_x264.mp4,3529,0.5290013968142759,0.7364338466734899,-0.23165855771883292,-8.407872453527863,3
0,/content/Anomaly_Videos/Fighting/Fighting040_x264.mp4,461,0.7799725232412448,0.3389856121073903,2.9979485294198818,2.8442943596665518,4
1,/content/Anomaly_Videos/Fighting/Fighting036_x264.mp4,2341,0.469876060552377,0.6894461123144044,-0.03799387843994474,-97.69661686241226,1
2,/content/Anomaly_Videos/Fighting/Fighting036_x264.mp4,2371,0.4918753350563081,0.724364538822615,-0.030915160078921467,2398.4251688508775,1
3,/content/Anomaly_Videos/Fighting/Fighting036_x264.mp4,2401,0.46986401616148893,0.7557950927027175,0.07014784186589326,37.840538839888254,1
4,/content/Anomaly_Videos/Fighting/Fighting036_x264.mp4,2551,0.18071350873741918,0.37570510871685703,-3.0087887810373526,-795.8694142987617,1
5,/content/Anomaly_Videos/Fighting/Fighting047_x264.mp4,71,0.4190129366005857,0.7725006150449865,0.3686485863763656,7.280527775932318,2
6,/content/Anomaly_Videos/Fighting/Fighting047_x264.mp4,101,0.045721868471721765,0.03423130948702321,2.7249641064828825,2.474401325411301,2
7,/content/Anomaly_Videos/Fighting/Fighting047_x264.mp4,131,0.4649376550530801,0.719101407539782,0.1832467149534877,19.145837324838293,4
8,/content/Anomaly_Videos/Fighting/Fighting047_x264.mp4,161,0.07335575635024659,0.13038852009570834,-2.9943978409286234,5.824040929815231,4
9,/content/Anomaly_Videos/Fighting/Fighting047_x264.mp4,191,0.4899273098647776,0.7325992912951051,0.08460545217604594,9.54169096654921,3
10,/content/Anomaly_Videos/Fighting/Fighting047_x264.mp4,311,0.10437948537736123,0.05522695128440379,2.9643816955550424,0.7542406677628248,4
11,/content/Anomaly_Videos/Fighting/Fighting047_x264.mp4,341,0.8523083044611628,0.7093042434620837,-3.1276617199029904,30.76516523083914,4
12,/content/Anomaly_Videos/Fighting/Fighting047_x264.mp4,371,0.5329239629919074,0.05380782092426903,-3.0180005280841513,1.7954078577424806,2
13,/content/Anomaly_Videos/Fighting/Fighting047_x264.mp4,401,0.7326892882566156,0.43130700081071693,3.1324038408481942,22.178351411142835,2
14,/content/Anomaly_Videos/Fighting/Fighting047_x264.mp4,431,0.528789967147607,0.2298998616409828,3.138250093997681,5.971598932845876,2
15,/content/Anomaly_Videos/Fighting/Fighting047_x264.mp4,461,0.9175178662522644,0.7576603113546239,2.9200026337552267,18.993205498330664,3
16,/content/Anomaly_Videos/Fighting/Fighting047_x264.mp4,491,0.44872587586635854,0.4264788167244031,3.06429516170935,7.06401555498157,2
17,/content/Anomaly_Videos/Fighting/Fighting047_x264.mp4,521,0.24862493967067922,0.028951186714205476,3.0618729352322966,0.7892886022856328,1
18,/content/Anomaly_Videos/Fighting/Fighting047_x264.mp4,551,0.6692793676652841,0.5635262998928531,-3.1336064311114202,11.247220678329587,2
19,/content/Anomaly_Videos/Fighting/Fighting047_x264.mp4,581,0.15153250675597915,0.043968534649576715,2.9996239716668156,1.8787428764757357,2
20,/content/Anomaly_Videos/Fighting/Fighting047_x264.mp4,611,0.6332185162136261,0.25439730977998487,3.027891673672823,6.225373349238352,2
21,/content/Anomaly_Videos/Fighting/Fighting047_x264.mp4,641,0.3007173330802538,0.4047296638093641,3.068627144509286,29.401201949058823,3
22,/content/Anomaly_Videos/Fighting/Fighting047_x264.mp4,671,0.7037704541144042,0.8856487058224569,-3.119157640735815,79.315879690523,3
23,/content/Anomaly_Videos/Fighting/Fighting047_x264.mp4,701,0.6076211087303485,0.7431197851579698,-3.101148489534359,15.88210112772815,3
24,/content/Anomaly_Videos/Fighting/Fighting047_x264.mp4,731,0.3220255288598507,0.4930290980753181,-3.125015088260263,15.81868884669996,2
25,/content/Anomaly_Videos/Fighting/Fighting047_x264.mp4,761,0.15610379676933503,0.11718763173272172,2.8440209607407874,1.1741547514899238,2
26,/content/Anomaly_Videos/Fighting/Fighting047_x264.mp4,821,0.23497443046765298,0.46338212023078584,-2.9886600127578102,13.977759177921609,1
27,/content/Anomaly_Videos/Fighting/Fighting047_x264.mp4,851,0.03002282145252283,0.3364250927918289,1.0893943949414702,5.998053649971156,2
28,/content/Anomaly_Videos/Fighting/Fighting047_x264.mp4,881,0.5597756853356312,0.5673044627498867,3.09508480262902,15.741966150747466,2
29,/content/Anomaly_Videos/Fighting/Fighting047_x264.mp4,971,0.6810293212279471,0.4640213950285963,3.0877090592943417,8.446032824056518,2
30,/content/Anomaly_Videos/Fighting/Fighting047_x264.mp4,1001,1.253567804852765,1.45960548120982,3.1256794486863364,-36.085592994289954,2
31,/content/Anomaly_Videos/Fighting/Fighting047_x264.mp4,1031,0.3789475450857338,0.18783257125242922,2.8043697887131764,1.9415698254528422,2
32,/content/Anomaly_Videos/Fighting/Fighting047_x264.mp4,1061,0.23875607187192716,0.3641851105841189,-0.047940400404454596,35.16230024431505,3
33,/content/Anomaly_Videos/Fighting/Fighting047_x264.mp4,1091,0.2821101529524571,0.2739169738429138,-0.013600289873130049,-96.08723600119002,4
34,/content/Anomaly_Videos/Fighting/Fighting047_x264.mp4,1121,0.02646443110570019,0.08745847726649207,0.7318928466388142,-50.9288037253489,2
35,/content/Anomaly_Videos/Fighting/Fighting047_x264.mp4,1151,0.1690736385466213,0.18472421426681715,2.968044363686847,12.183565971037194,2
36,/content/Anomaly_Videos/Fighting/Fighting047_x264.mp4,1361,0.5042183385109777,0.31628107101957936,1.409488522190332,1.0752422864837108,4
37,/content/Anomaly_Videos/Fighting/Fighting047_x264.mp4,1391,1.109193175006759,1.644873640398097,1.0977384060405333,2.6694532258930304,5
38,/content/Anomaly_Videos/Fighting/Fighting047_x264.mp4,1421,0.6869750916472818,0.4155656921351354,1.40239884813288,0.436553819505051,6
39,/content/Anomaly_Videos/Fighting/Fighting047_x264.mp4,1451,1.1512075779606648,1.2207873020753788,0.9533410090896842,1.7832618810479501,4
40,/content/Anomaly_Videos/Fighting/Fighting047_x264.mp4,1481,0.05771620016909821,0.05500536564252641,-3.134982167992772,-8.178712981403162,4
41,/content/Anomaly_Videos/Fighting/Fighting047_x264.mp4,1511,0.23755407272227605,0.30780374854164083,3.1055009784464778,19.910128291216385,1
42,/content/Anomaly_Videos/Fighting/Fighting047_x264.mp4,1541,0.9307397131458127,1.1863731872324854,1.4898743447187954,1.8024299448738474,3
43,/content/Anomaly_Videos/Fighting/Fighting047_x264.mp4,1571,0.5210613371432093,1.4297034229331682,2.094382514366866,3.8867682692520265,5
44,/content/Anomaly_Videos/Fighting/Fighting047_x264.mp4,1601,1.0184277726009838,0.9493205969557775,1.8687053614411469,1.4217014209912657,1
45,/content/Anomaly_Videos/Fighting/Fighting047_x264.mp4,1631,0.49167229109513505,0.537840030641628,1.7875714707217858,1.760751675260205,1
46,/content/Anomaly_Videos/Fighting/Fighting047_x264.mp4,1661,1.062513589044754,0.8521816380075209,1.3054268453065687,0.9860900900637102,1
47,/content/Anomaly_Videos/Fighting/Fighting047_x264.mp4,1721,1.1723501786698274,1.720742961136434,-0.10012939309794869,-109.18870921665655,7
48,/content/Anomaly_Videos/Fighting/Fighting047_x264.mp4,1811,0.4679495544751451,0.7278433146052843,-0.17247779207258113,-18.008179585466863,6
49,/content/Anomaly_Videos/Fighting/Fighting047_x264.mp4,1841,0.5889349491660631,0.5214914530968617,-0.029446180155653468,-68.91990161847005,2
50,/content/Anomaly_Videos/Fighting/Fighting047_x264.mp4,1991,0.5271384912004631,0.5362216177614083,-3.0764029525882988,-13.637947108595183,4
51,/content/Anomaly_Videos/Fighting/Fighting047_x264.mp4,2021,0.34329490994723066,0.17810265925501764,-3.0873503335153822,-5.827957743366565,1
52,/content/Anomaly_Videos/Fighting/Fighting047_x264.mp4,2051,0.9457930012458007,0.6331497792231222,3.0054029768001183,4.3533334561619785,6
53,/content/Anomaly_Videos/Fighting/Fighting047_x264.mp4,2081,0.23877330930400167,0.14703520814714868,-0.42016183805911633,-3.064300341466826,5
54,/content/Anomaly_Videos/Fighting/Fighting047_x264.mp4,2111,0.08611595616713939,0.09977041809268793,-0.06122446637486441,-3.633626147538718,7
55,/content/Anomaly_Videos/Fighting/Fighting047_x264.mp4,2141,0.497273076162527,0.6607591679243628,0.17361181524347827,7.94389625807493,7
56,/content/Anomaly_Videos/Fighting/Fighting047_x264.mp4,2171,0.21583657376830054,0.2129822811122587,-0.14502487845592618,4.083807326330984,6
57,/content/Anomaly_Videos/Fighting/Fighting047_x264.mp4,2201,0.16612215402082137,0.2649229403616057,-2.665426087852214,-6.735572215860121,7
58,/content/Anomaly_Videos/Fighting/Fighting047_x264.mp4,2231,0.2950037087110353,0.3482412385003496,-0.020490121271841286,-29.269301664113627,3
59,/content/Anomaly_Videos/Fighting/Fighting047_x264.mp4,2261,0.228810547643749,0.27011703288045,-0.030234855250500126,-37.642134077965416,7
60,/content/Anomaly_Videos/Fighting/Fighting047_x264.mp4,2291,0.27914760019637086,0.574567286092141,-3.1414028309673303,239.38709310871278,6
61,/content/Anomaly_Videos/Fighting/Fighting047_x264.mp4,2321,0.37475399405419735,0.49673495578615795,-0.3131163262959433,-2.655760526693527,6
62,/content/Anomaly_Videos/Fighting/Fighting047_x264.mp4,2411,0.4040628589011394,0.42673957536280793,-0.062076615295019025,-38.66991115893632,5
63,/content/Anomaly_Videos/Fighting/Fighting047_x264.mp4,2441,0.4254412890038174,0.717377444263585,3.1360655106573883,-26.88839764693636,8
64,/content/Anomaly_Videos/Fighting/Fighting047_x264.mp4,2471,0.20885987620814545,0.275451739617386,2.8133037731736152,-194.5201865994588,1
65,/content/Anomaly_Videos/Fighting/Fighting047_x264.mp4,2501,0.055363007149193795,0.23921700749129998,-2.6211195752498044,-30.817275366692964,5
66,/content/Anomaly_Videos/Fighting/Fighting047_x264.mp4,2561,0.18826764323023878,0.2791238840029847,-3.065618721366164,-78.83042997520442,8
67,/content/Anomaly_Videos/Fighting/Fighting047_x264.mp4,2591,0.1992614868593991,0.29828469998593715,3.0415876642100805,9.802758901249861,5
68,/content/Anomaly_Videos/Fighting/Fighting047_x264.mp4,2621,1.1750705044947989,1.7485278046720574,-3.053762955004779,-20.241101677353836,8
69,/content/Anomaly_Videos/Fighting/Fighting047_x264.mp4,2681,0.2428416808656854,0.1293135601692124,-1.6816908931964536,-0.7485923595125702,8
70,/content/Anomaly_Videos/Fighting/Fighting047_x264.mp4,2711,0.3091527228607563,0.3731104151583054,-2.0669927468706017,-1.940180588617066,4
71,/content/Anomaly_Videos/Fighting/Fighting047_x264.mp4,2741,0.5050071731383454,0.48131900535361594,-1.8517397772219752,-1.3953876787226902,5
72,/content/Anomaly_Videos/Fighting/Fighting047_x264.mp4,2771,0.8121474130869671,1.3469766741367077,-3.023470151032225,-14.383681603944925,9
73,/content/Anomaly_Videos/Fighting/Fighting047_x264.mp4,2801,0.6804757339848679,1.0927740821653071,-2.849936977708982,-8.084821343356444,6
74,/content/Anomaly_Videos/Fighting/Fighting047_x264.mp4,2831,0.48818684356045466,0.8635572600857796,-2.967360531039497,-20.94992275532537,5
75,/content/Anomaly_Videos/Fighting/Fighting047_x264.mp4,2861,1.10119617460776,1.0314475013143727,3.0928666249074914,21.06064693222248,3
76,/content/Anomaly_Videos/Fighting/Fighting047_x264.mp4,2891,0.07310775848796434,0.07494851477521378,0.7850822397000753,2.654620618067141,4
77,/content/Anomaly_Videos/Fighting/Fighting047_x264.mp4,2951,0.2762432816861221,0.4044336031324688,0.13483008280421405,20.736775421898525,5
78,/content/Anomaly_Videos/Fighting/Fighting047_x264.mp4,2981,0.2655245185965094,0.32757422820775345,0.1198384120783926,16.200090739039666,4
79,/content/Anomaly_Videos/Fighting/Fighting047_x264.mp4,3011,0.2986533144315573,0.41918373907384493,0.036092294493421925,22.59480950196555,5
80,/content/Anomaly_Videos/Fighting/Fighting047_x264.mp4,3041,0.15243342905567328,0.298421171315733,0.04640893182117241,-42.4622077206749,5
81,/content/Anomaly_Videos/Fighting/Fighting047_x264.mp4,3071,0.24641408272534665,0.3444986236362801,0.05131223395120649,27.486127033967303,6
82,/content/Anomaly_Videos/Fighting/Fighting047_x264.mp4,3101,0.16396496903666663,0.18259397354112167,0.013338330027826986,-126.78400556224244,8
83,/content/Anomaly_Videos/Fighting/Fighting047_x264.mp4,3131,0.3405195131158285,0.48577677503683,0.09529301178209718,39.762603956638195,7
84,/content/Anomaly_Videos/Fighting/Fighting047_x264.mp4,3161,0.27140027811251244,0.2742041439383697,0.000196998201627403,-71.6749057545357,4
85,/content/Anomaly_Videos/Fighting/Fighting047_x264.mp4,3221,0.10865197915593439,0.1592720278236054,0.07822735070116142,12.952947287172982,8
86,/content/Anomaly_Videos/Fighting/Fighting047_x264.mp4,3251,0.1229145790822271,0.1766836301042402,-0.05934265443132654,-39.77590341263137,8
87,/content/Anomaly_Videos/Fighting/Fighting047_x264.mp4,3281,0.3524881600471993,0.35869499451607845,-0.032823960833638796,-135.34327548387603,9
88,/content/Anomaly_Videos/Fighting/Fighting047_x264.mp4,3311,0.38430840158200674,0.5339607996980061,-0.021270908350849597,-133.85093939855045,1
89,/content/Anomaly_Videos/Fighting/Fighting047_x264.mp4,3341,0.7645649805138741,1.4764551908924095,-0.043751160126686846,27.276419551966864,4
90,/content/Anomaly_Videos/Fighting/Fighting047_x264.mp4,3371,0.024782306875589383,0.026149742599075765,0.8218591064233997,2.1663106551118654,7
91,/content/Anomaly_Videos/Fighting/Fighting047_x264.mp4,3401,0.053479389613806085,0.18365455464550076,1.1233348599123758,-2.134696322195274,8
92,/content/Anomaly_Videos/Fighting/Fighting047_x264.mp4,3431,0.1895944987656386,0.18171108327214922,-0.06151194369753194,-27.20852233592305,7
93,/content/Anomaly_Videos/Fighting/Fighting047_x264.mp4,3461,0.21258558487839171,0.16339686503392187,2.9699494894311402,6.780890478998094,4
94,/content/Anomaly_Videos/Fighting/Fighting047_x264.mp4,3491,0.1414939341104891,0.2841047854019431,-0.7245790753856145,-6.535652550710294,2
95,/content/Anomaly_Videos/Fighting/Fighting047_x264.mp4,3581,0.3798258708795532,0.46310920887715296,-0.09296619976169829,-16.944691382326887,5
96,/content/Anomaly_Videos/Fighting/Fighting047_x264.mp4,3611,0.05410385976458252,0.10778406268780741,-2.4315042947096224,14.550576136330529,5
97,/content/Anomaly_Videos/Fighting/Fighting047_x264.mp4,3641,0.190775288241582,0.17793625917081618,-0.3408069636330568,-6.809431172553025,3
98,/content/Anomaly_Videos/Fighting/Fighting047_x264.mp4,3671,0.09811015652955106,0.21655056692011826,2.710743045831209,7.399300288674072,3
99,/content/Anomaly_Videos/Fighting/Fighting047_x264.mp4,3701,0.4816736336548535,0.06289931588523791,3.082836710976005,3.036379304084857,1
100,/content/Anomaly_Videos/Fighting/Fighting047_x264.mp4,3731,0.1953622059274937,0.12176022056004156,2.9383075633196443,8.398573048899744,4
101,/content/Anomaly_Videos/Fighting/Fighting047_x264.mp4,3761,0.3940708419498772,0.41877360169409716,3.1017742949113445,180.46594799154505,3
102,/content/Anomaly_Videos/Fighting/Fighting047_x264.mp4,3791,0.2423624097860367,0.19257634794979622,3.0535382150628556,5.055350906964889,3
103,/content/Anomaly_Videos/Fighting/Fighting047_x264.mp4,3821,0.16474504137938115,0.18168693502068453,3.0695270703148174,7.518054790181024,2
104,/content/Anomaly_Videos/Fighting/Fighting047_x264.mp4,3851,0.14331563108094558,0.06669834146724439,3.053572193430888,4.018568097226415,4
105,/content/Anomaly_Videos/Fighting/Fighting047_x264.mp4,3881,0.22779892912203686,0.10570100259536234,0.08132329794951933,11.990120979055273,4
106,/content/Anomaly_Videos/Fighting/Fighting047_x264.mp4,3911,0.23754685309045376,0.28571609748717963,2.869856553010598,9.172113302844846,4
107,/content/Anomaly_Videos/Fighting/Fighting047_x264.mp4,3941,0.05523680339897683,0.13164971073920453,0.07596734826240764,4.478622688612825,4
108,/content/Anomaly_Videos/Fighting/Fighting047_x264.mp4,3971,0.3721383975276466,0.30676743939401147,-3.123110862627629,31.131860382351988,1
109,/content/Anomaly_Videos/Fighting/Fighting047_x264.mp4,4001,0.9769141404515506,0.5644408320004841,3.123243646960783,157.29168271226368,5
110,/content/Anomaly_Videos/Fighting/Fighting047_x264.mp4,4031,1.174484765015586,0.8108912685943321,3.140830939919464,25.491195264929203,4
111,/content/Anomaly_Videos/Fighting/Fighting047_x264.mp4,4061,0.251981431068409,0.8747718456930987,-3.128507874803436,20.40764037453979,5
112,/content/Anomaly_Videos/Fighting/Fighting047_x264.mp4,4091,0.8095739486460487,0.33365933390454466,3.0837381785801035,8.754407743293172,4
113,/content/Anomaly_Videos/Fighting/Fighting047_x264.mp4,4121,0.07189957117254435,0.08814016287639403,-2.9067052472315966,-6.145497675728683,2
114,/content/Anomaly_Videos/Fighting/Fighting047_x264.mp4,4151,0.5103150879715167,0.4472053493394353,3.1044383000710765,-16.31695172507321,6
115,/content/Anomaly_Videos/Fighting/Fighting047_x264.mp4,4181,0.44203081143211864,0.48081824507126675,3.0682009569239783,73.75116274497802,4
116,/content/Anomaly_Videos/Fighting/Fighting047_x264.mp4,4211,0.1252384645551048,0.2195962220437124,3.088796145087908,21.162328468182665,3
117,/content/Anomaly_Videos/Fighting/Fighting047_x264.mp4,4271,0.28995483259932764,0.3572781184445879,-2.9096561780048735,-12.39170414005053,4
118,/content/Anomaly_Videos/Fighting/Fighting047_x264.mp4,4301,0.22882528576381303,0.35661910221496995,0.16316233976164463,74.68528729176113,5
119,/content/Anomaly_Videos/Fighting/Fighting047_x264.mp4,4331,0.11284906834993093,0.03320240184924968,2.8899597841773197,-4.741505054315845,4
120,/content/Anomaly_Videos/Fighting/Fighting047_x264.mp4,4361,0.12404206952111382,0.2159261257709171,-2.704524655567709,-5.14330675589696,2
121,/content/Anomaly_Videos/Fighting/Fighting047_x264.mp4,4391,0.389628185871214,0.47122768108223007,-0.12927386173390437,-13.417845664928773,3
122,/content/Anomaly_Videos/Fighting/Fighting047_x264.mp4,4421,0.43098437949525215,0.5298091798995678,-0.10768320776894051,674.1541941568379,3
123,/content/Anomaly_Videos/Fighting/Fighting005_x264.mp4,1126,0.02978526694788333,0.06507485598101191,-0.1511287981326859,6.48172284899773,1
124,/content/Anomaly_Videos/Fighting/Fighting005_x264.mp4,1156,0.19631358629026488,0.37539652561730763,-0.2680144368956387,-7.161775784940179,1
125,/content/Anomaly_Videos/Fighting/Fighting005_x264.mp4,1246,0.025877663050089567,0.027557761134229666,-0.1875845170785608,40.61692972198683,1
126,/content/Anomaly_Videos/Fighting/Fighting027_x264.mp4,49,0.08989942624374167,0.17641368862900855,-3.105908921038519,-56.551939076660084,4
127,/content/Anomaly_Videos/Fighting/Fighting027_x264.mp4,79,0.11160408681897263,0.08788427931988861,0.21329065680478165,-25.788205387869006,5
128,/content/Anomaly_Videos/Fighting/Fighting027_x264.mp4,109,0.2413344973542676,0.41869814065969874,-0.006363960667391443,248.9929513911154,4
129,/content/Anomaly_Videos/Fighting/Fighting027_x264.mp4,169,0.1012519212979368,0.17919483465201522,-0.20238297711625927,-96.25377623875086,5
130,/content/Anomaly_Videos/Fighting/Fighting027_x264.mp4,199,0.20197051761925752,0.36614804575881504,0.011939110310687326,169.25277525998496,4
131,/content/Anomaly_Videos/Fighting/Fighting027_x264.mp4,289,0.28030649203475194,0.39045959885551396,-0.029195074519788318,-32.999143788994836,3
132,/content/Anomaly_Videos/Fighting/Fighting027_x264.mp4,319,0.24972387941948412,0.32627762145822425,-0.024364225150707457,-86.97634350494722,3
133,/content/Anomaly_Videos/Fighting/Fighting027_x264.mp4,349,0.23941556797325825,0.2500218940340072,0.2415526755541528,5.075075038277957,3
134,/content/Anomaly_Videos/Fighting/Fighting027_x264.mp4,379,0.4239886407874932,0.35277171948711494,-0.17178158078731798,-8.450861911864616,2
135,/content/Anomaly_Videos/Fighting/Fighting027_x264.mp4,409,0.23679320178163032,0.22658976211401438,-3.1157335640104082,-9.01304672995071,2
136,/content/Anomaly_Videos/Fighting/Fighting027_x264.mp4,649,0.5078103505107494,0.5991920011062264,3.0613677136162423,5784.104504045684,3
137,/content/Anomaly_Videos/Fighting/Fighting027_x264.mp4,679,0.18318902722805247,0.40793537866486757,-3.092642515034213,21.880698626233343,5
138,/content/Anomaly_Videos/Fighting/Fighting027_x264.mp4,1429,0.44347726893024314,0.5110910801941255,-0.08081261669998112,-29.395158955962778,6
139,/content/Anomaly_Videos/Fighting/Fighting027_x264.mp4,1459,0.2003400867943139,1.1344490996681487,-0.23102058194788672,81.887283744377,3
140,/content/Anomaly_Videos/Fighting/Fighting027_x264.mp4,1699,1.0339922973760598,1.186467344039041,3.10477811490565,89.7482299245665,3
141,/content/Anomaly_Videos/Fighting/Fighting027_x264.mp4,1729,0.07780998098309239,0.07192000735862027,2.833858287967006,1.5419105793992713,5
142,/content/Anomaly_Videos/Fighting/Fighting027_x264.mp4,1759,0.27482082971073507,0.48408382780924275,2.9967576660120923,9.954476855759816,3
143,/content/Anomaly_Videos/Fighting/Fighting027_x264.mp4,1789,0.8868425050764849,1.0624988687871684,3.1102892600682126,-24.329780163044063,1
144,/content/Anomaly_Videos/Fighting/Fighting027_x264.mp4,1819,0.20027684146157926,0.25386010350599186,0.30939010405928336,8.079242870168597,6
145,/content/Anomaly_Videos/Fighting/Fighting027_x264.mp4,1879,0.14819337711020256,0.14295583236296192,0.220489335918707,12.725704906447227,3
146,/content/Anomaly_Videos/Fighting/Fighting027_x264.mp4,2029,0.5164701678675584,0.5389343206681076,-2.981599826294163,-8.358973003043484,4
147,/content/Anomaly_Videos/Fighting/Fighting027_x264.mp4,2059,0.9206885217623968,0.27855339330451473,-3.025957629878558,-3.5132267594156117,1
148,/content/Anomaly_Videos/Fighting/Fighting027_x264.mp4,2089,0.08243661605096347,0.3111948193339995,1.804773082247506,17.510057842903592,4
149,/content/Anomaly_Videos/Fighting/Fighting027_x264.mp4,2119,0.6559946015837173,0.732203044423555,3.094771888421726,-192.12087201449123,3
150,/content/Anomaly_Videos/Fighting/Fighting027_x264.mp4,2149,0.10925371952329714,0.1332186586382659,0.47360750973040544,4.012949325853012,4
151,/content/Anomaly_Videos/Fighting/Fighting027_x264.mp4,2179,0.7209116707242488,0.9566287384377953,3.1160321572586636,-554.3891874465767,4
152,/content/Anomaly_Videos/Fighting/Fighting027_x264.mp4,2389,0.8756257363263827,1.4161495133053847,-0.045660850695426296,127.15708101247706,4
153,/content/Anomaly_Videos/Fighting/Fighting027_x264.mp4,2419,0.2187577389752154,0.21143883763060606,-3.132158147388091,-82.29185630448897,3
154,/content/Anomaly_Videos/Fighting/Fighting027_x264.mp4,2449,0.2856111625589507,0.3174901190803252,0.09407390658052588,-408.23116996293203,5
155,/content/Anomaly_Videos/Fighting/Fighting027_x264.mp4,2479,0.42823729287657447,0.8143264496729152,-0.025041625521221657,16.358679033953486,5
156,/content/Anomaly_Videos/Fighting/Fighting027_x264.mp4,2509,0.17327367215698655,0.23174185209082765,-0.023421588581900705,-566.7613861177649,4
157,/content/Anomaly_Videos/Fighting/Fighting027_x264.mp4,2539,0.09697697357964452,0.037799804448358454,0.013675257412520129,3.0076022147083723,2
158,/content/Anomaly_Videos/Fighting/Fighting027_x264.mp4,2569,0.30153380718892714,0.4203795621226172,-0.006467857096758985,-50.33758272583375,6
159,/content/Anomaly_Videos/Fighting/Fighting027_x264.mp4,2599,0.24635603415869675,0.40603104614402685,-3.1094350219980558,144.97468638512612,3
160,/content/Anomaly_Videos/Fighting/Fighting027_x264.mp4,2989,0.38879776388722814,0.47957498539931565,0.031493364783287854,-281.35092641808427,3
161,/content/Anomaly_Videos/Fighting/Fighting027_x264.mp4,3049,0.22830845806880354,0.3549604128996422,0.13556513980185372,426.79238317744534,4
162,/content/Anomaly_Videos/Fighting/Fighting027_x264.mp4,3079,0.012685624046206654,0.04520357740539424,0.4017328114996671,-8.303117892914436,4
163,/content/Anomaly_Videos/Fighting/Fighting027_x264.mp4,3229,0.15543011040374785,0.28188154200955917,-0.4218647141528795,-5.274531921093107,3
164,/content/Anomaly_Videos/Fighting/Fighting027_x264.mp4,3319,0.14219540759791255,0.3459867301633926,0.5535168129075262,-12.51551122269287,2
165,/content/Anomaly_Videos/Fighting/Fighting027_x264.mp4,3349,0.254025370850243,0.2267158368031255,1.0688927811250917,5.447497371486574,1
166,/content/Anomaly_Videos/Fighting/Fighting027_x264.mp4,3439,0.18741540366702902,0.13247048520993165,0.11169571665369436,-3.3749326246691727,1
167,/content/Anomaly_Videos/Fighting/Fighting027_x264.mp4,3469,0.11028645991734981,0.17676749463741664,0.8901348650363704,-1.9489089477933192,1
168,/content/Anomaly_Videos/Fighting/Fighting027_x264.mp4,3499,0.21656055487202638,0.20303207572591053,0.30767696224835933,-1.8562507775711603,1
169,/content/Anomaly_Videos/Fighting/Fighting027_x264.mp4,3529,0.17807649831082975,0.4308285180817406,-0.08759631041207624,-4.633530116757952,1
170,/content/Anomaly_Videos/Fighting/Fighting027_x264.mp4,3559,0.19032036292883955,0.30880523936225013,-0.022439119639232088,-5.42637602783542,1
171,/content/Anomaly_Videos/Fighting/Fighting027_x264.mp4,3679,0.29234408959728286,0.1577492989403788,0.3886243833386468,-3.4989160054300434,1
172,/content/Anomaly_Videos/Fighting/Fighting027_x264.mp4,3709,0.21755763429630431,0.153638171013484,-0.29258680560317046,-3.5720661316622806,1
0,/content/Anomaly_Videos/Abuse/Abuse041_x264.mp4,85,0.8752063107765511,1.073489158213759,-3.05070729207007,-6.882149856439246,3
1,/content/Anomaly_Videos/Abuse/Abuse041_x264.mp4,205,0.40475360802018506,0.5652553760727672,-1.5009387242708283,-1.9153311208985502,6
2,/content/Anomaly_Videos/Abuse/Abuse041_x264.mp4,235,0.5349547111788093,0.5192143491217884,-1.4282617923979064,-1.7814918290620447,2
3,/content/Anomaly_Videos/Abuse/Abuse041_x264.mp4,265,0.3990720569766929,0.6441311789716734,-1.004780524711854,-2.8434466329732664,1
4,/content/Anomaly_Videos/Abuse/Abuse041_x264.mp4,325,0.6269132803408624,0.9480690364946355,-1.4740809151987557,-2.2609785186845897,2
5,/content/Anomaly_Videos/Abuse/Abuse041_x264.mp4,355,0.5362449216551567,0.8058317388400816,-1.4778799113911354,-2.0576711005028563,3
6,/content/Anomaly_Videos/Abuse/Abuse041_x264.mp4,385,1.1547044904422554,1.7878865077399804,-1.5759287192711218,-2.124855923167897,4
7,/content/Anomaly_Videos/Abuse/Abuse041_x264.mp4,415,0.5484555519555282,0.883159214247196,-1.3136948782494107,-2.380568780503773,6
8,/content/Anomaly_Videos/Abuse/Abuse041_x264.mp4,445,0.8765151009979522,1.39972808218282,-1.6148089873042022,-2.0300114046487705,3
9,/content/Anomaly_Videos/Abuse/Abuse041_x264.mp4,475,0.43491785402859406,0.7457962916010887,-1.3843418543670316,-2.1949629986267785,3
10,/content/Anomaly_Videos/Abuse/Abuse041_x264.mp4,565,0.4634602249033007,0.4823352972165407,-1.7229819686747962,-1.1980475707438394,2
11,/content/Anomaly_Videos/Abuse/Abuse041_x264.mp4,595,1.0367574153672698,0.3021869037141651,-2.6973488686410674,-0.8849458816519027,4
12,/content/Anomaly_Videos/Abuse/Abuse041_x264.mp4,655,0.10811439428953579,0.13095779307930852,0.490091359664637,-8.392279561097414,3
13,/content/Anomaly_Videos/Abuse/Abuse041_x264.mp4,685,0.5887862252796071,0.43857938060814344,0.5012059297233622,1.928638594550307,2
14,/content/Anomaly_Videos/Abuse/Abuse041_x264.mp4,715,1.3159859359530772,1.4678471431316091,1.597931813486161,1.5133235680235415,2
15,/content/Anomaly_Videos/Abuse/Abuse041_x264.mp4,745,2.8941252266211146,3.155855617979563,1.598071242156675,1.4438509711139824,2
16,/content/Anomaly_Videos/Abuse/Abuse041_x264.mp4,775,0.34386096156613916,0.034776765573370866,2.6835157281159896,0.5936197816578993,2
17,/content/Anomaly_Videos/Abuse/Abuse041_x264.mp4,865,0.8436912192565115,1.030068526829624,-1.862777514445001,-2.2852586232408933,1
18,/content/Anomaly_Videos/Abuse/Abuse041_x264.mp4,1015,0.8500897674186808,1.240676498971786,1.4616499483012912,2.4077436106168135,4
19,/content/Anomaly_Videos/Abuse/Abuse041_x264.mp4,1075,0.24952677040732307,0.5135446927983939,-1.3524371509588633,-3.742871320806616,6
20,/content/Anomaly_Videos/Abuse/Abuse041_x264.mp4,1105,0.4202517967869235,0.4092210245779804,-1.375162492021706,-1.566692830225718,2
21,/content/Anomaly_Videos/Abuse/Abuse041_x264.mp4,1135,0.3202161144664493,0.4896925485099207,2.4606107203297394,4.926928351004296,6
22,/content/Anomaly_Videos/Abuse/Abuse041_x264.mp4,1165,0.3828590005868564,0.7599897189087413,2.1860864840475096,3.5811105849278526,5
23,/content/Anomaly_Videos/Abuse/Abuse041_x264.mp4,1195,1.0854286836107276,1.2709676702373072,1.5866985073213382,3.618040698456848,5
24,/content/Anomaly_Videos/Abuse/Abuse041_x264.mp4,1225,1.1660516751855037,1.9546417842994182,1.9172920729814495,2.582653799289927,3
25,/content/Anomaly_Videos/Abuse/Abuse041_x264.mp4,1255,0.9137250556373757,1.337736753959909,1.754217921672103,2.0413868249293063,4
26,/content/Anomaly_Videos/Abuse/Abuse041_x264.mp4,1285,0.5056146362259691,0.5691644478754454,1.7681436114775841,1.3010058012610168,2
27,/content/Anomaly_Videos/Abuse/Abuse041_x264.mp4,1315,0.8267056877671047,1.83101232736685,-1.5559312027539127,-2.8400021443710726,4
28,/content/Anomaly_Videos/Abuse/Abuse041_x264.mp4,1345,0.5191681583497416,1.022960346771324,-1.4336667061590502,-3.6339693144981027,4
29,/content/Anomaly_Videos/Abuse/Abuse041_x264.mp4,1375,0.03505166255658124,0.350976062253481,-2.167129042641389,-4.427668945459541,4
30,/content/Anomaly_Videos/Abuse/Abuse047_x264.mp4,957,0.5348971068028652,0.6083419704786431,0.14694542749681067,18.994726887389348,7
31,/content/Anomaly_Videos/Abuse/Abuse047_x264.mp4,987,0.5245861182313301,0.643024986513719,-0.25103600430991224,-89.20855598301318,4
32,/content/Anomaly_Videos/Abuse/Abuse047_x264.mp4,1017,0.5822208037383281,0.5990235334606594,-0.2424045956278673,-7.665466024609486,8
33,/content/Anomaly_Videos/Abuse/Abuse047_x264.mp4,1047,0.7240664893311822,0.799421027457489,-1.6556355739451358,-1.8582577943880119,8
34,/content/Anomaly_Videos/Abuse/Abuse047_x264.mp4,1077,0.34744023100631755,0.13467776366311152,-1.970341793789197,-0.9549791577285807,6
35,/content/Anomaly_Videos/Abuse/Abuse047_x264.mp4,1107,0.9236288159333559,0.9740283931831326,-1.756381081526087,-1.4220325218237548,7
36,/content/Anomaly_Videos/Abuse/Abuse047_x264.mp4,1197,0.731115560340973,1.0288839575182063,-0.17696644381649468,-29.15629310358313,7
37,/content/Anomaly_Videos/Abuse/Abuse047_x264.mp4,1227,0.6472322858643519,0.7208457266994361,0.17081747399551966,5.086209062106103,6
38,/content/Anomaly_Videos/Abuse/Abuse047_x264.mp4,1317,1.1375189921631719,0.9836565993454618,-0.035445577278881125,-7.830911368898592,7
39,/content/Anomaly_Videos/Abuse/Abuse047_x264.mp4,1407,0.6182997926269924,0.5870915571924002,1.671846383078908,1.2780756032816134,2
40,/content/Anomaly_Videos/Abuse/Abuse047_x264.mp4,1437,0.5048772676340694,0.6334793762270042,1.9118211484715333,1.739469637328429,3
41,/content/Anomaly_Videos/Abuse/Abuse047_x264.mp4,1467,0.38197586217217105,0.44494806835438216,2.44055835342269,2.1041681193331976,5
42,/content/Anomaly_Videos/Abuse/Abuse047_x264.mp4,1497,0.5013785567399928,0.31625820063448323,1.4644301587102955,1.1241667465732312,2
43,/content/Anomaly_Videos/Abuse/Abuse047_x264.mp4,1527,0.46916325249576557,0.5957941301443145,0.040528848211102995,22.643443109090832,6
44,/content/Anomaly_Videos/Abuse/Abuse047_x264.mp4,1557,0.29653027211546606,0.34102209741496425,0.10343623824693417,-3.2751617725985316,3
45,/content/Anomaly_Videos/Abuse/Abuse016_x264.mp4,693,0.44211466841501246,0.28161991330396313,-0.02177415288826342,10.029885273168142,1
46,/content/Anomaly_Videos/Abuse/Abuse016_x264.mp4,723,0.8148334275127894,0.9042025330750023,-1.6799450842019537,-1.617255744844447,3
47,/content/Anomaly_Videos/Abuse/Abuse016_x264.mp4,753,1.0417360266505737,0.8956371454431985,-1.5324169628376245,-1.170608192889281,2
48,/content/Anomaly_Videos/Abuse/Abuse016_x264.mp4,813,0.5935752662097211,0.4830275328687778,-1.6668562639470037,-1.1581019587668404,2
49,/content/Anomaly_Videos/Abuse/Abuse016_x264.mp4,843,0.935682538395128,0.6600539560283557,-1.7722788439000876,-0.9728649058464551,1
50,/content/Anomaly_Videos/Abuse/Abuse016_x264.mp4,903,0.6890300980789097,0.24574235949322756,-1.9870435484589262,-0.514214279018883,1
51,/content/Anomaly_Videos/Abuse/Abuse016_x264.mp4,963,0.7976458011456234,0.43355205498525173,-1.5653066500346098,-0.798583662664326,1
0,/content/Anomaly_Videos/Shooting/Shooting041_x264.mp4,409,0.3610964820878173,0.30372867038269635,0.4502879261186248,2.122877634746482,1
1,/content/Anomaly_Videos/Shooting/Shooting041_x264.mp4,439,0.15190466983661685,0.25807679793021615,1.1101982322085457,2.512817196701037,2
2,/content/Anomaly_Videos/Shooting/Shooting041_x264.mp4,469,1.2513827604281025,1.4051656983965641,3.0179495110367274,-79.97519620929116,2
3,/content/Anomaly_Videos/Shooting/Shooting041_x264.mp4,499,0.7480304418439021,0.7493241828627856,-3.089903719367592,20.762644585232543,2
4,/content/Anomaly_Videos/Shooting/Shooting041_x264.mp4,529,1.0909643610213056,1.4968164816274079,3.14005162316202,53.447042124870286,1
5,/content/Anomaly_Videos/Shooting/Shooting053_x264.mp4,11,0.3540475183495753,0.6097823041748487,0.4932268586863485,4.472290472830669,1
6,/content/Anomaly_Videos/Shooting/Shooting053_x264.mp4,41,0.6477671007494864,0.7600082979382621,0.43911509315671865,4.6747854966730795,2
7,/content/Anomaly_Videos/Shooting/Shooting053_x264.mp4,101,0.5032206718288971,0.9805646998229897,0.2304895354875952,20.58565007446038,1
8,/content/Anomaly_Videos/Shooting/Shooting053_x264.mp4,131,0.5165096928902476,0.7586319976632417,0.14237123244939814,14.509234771490377,2
9,/content/Anomaly_Videos/Shooting/Shooting053_x264.mp4,161,0.634751482546996,0.9160999522002647,0.12468504569110461,9.928115745059564,1
10,/content/Anomaly_Videos/Shooting/Shooting053_x264.mp4,191,0.5415491544510498,0.7935534924422508,0.2542376834934617,6.3030176433016605,2
11,/content/Anomaly_Videos/Shooting/Shooting053_x264.mp4,221,0.6165581478075431,1.3949070908825116,0.5369411030616537,14.077311492920355,2
12,/content/Anomaly_Videos/Shooting/Shooting053_x264.mp4,251,0.8226087213509717,1.0060511577472604,0.13712800158792365,14.290741464348251,2
13,/content/Anomaly_Videos/Shooting/Shooting053_x264.mp4,371,0.5945102423829078,0.7670039652197319,0.04913304682085833,14.089095890866892,1
14,/content/Anomaly_Videos/Shooting/Shooting053_x264.mp4,401,0.4226970027791176,0.712489385589274,0.15097678367122136,8.891015718419062,1
15,/content/Anomaly_Videos/Shooting/Shooting053_x264.mp4,461,0.7965194730420782,1.146775957341039,0.19442298269614902,23.73833631701943,1
16,/content/Anomaly_Videos/Shooting/Shooting053_x264.mp4,491,0.6945800281665593,1.216801255099615,0.7166032374638439,4.828107550838734,2
17,/content/Anomaly_Videos/Shooting/Shooting053_x264.mp4,521,0.6203483386270119,0.9581838919334627,0.12723781165494819,27.058705515185686,1
18,/content/Anomaly_Videos/Shooting/Shooting051_x264.mp4,1031,0.9930381802949314,1.4199671380529264,1.574867184757379,2.9316597791887773,2
19,/content/Anomaly_Videos/Shooting/Shooting051_x264.mp4,1061,1.4220194814680367,1.6079368829720992,1.570930749774934,2.221009213867544,2
20,/content/Anomaly_Videos/Shooting/Shooting051_x264.mp4,1091,0.40097421356636453,0.5002768566466175,1.382243471699265,2.0687874859409847,2
21,/content/Anomaly_Videos/Shooting/Shooting051_x264.mp4,1121,1.3699005364286365,1.810093035195929,1.5240125863936818,2.5226143929357,2
22,/content/Anomaly_Videos/Shooting/Shooting051_x264.mp4,1181,0.2635787090668995,0.30261972002835086,1.5965370684928126,2.3329313061336574,3
23,/content/Anomaly_Videos/Shooting/Shooting051_x264.mp4,1241,0.8144696558625493,0.9724038686478016,1.6359942381353196,1.7843449498550836,1
24,/content/Anomaly_Videos/Shooting/Shooting051_x264.mp4,1271,0.7615923987931775,1.002988334705241,1.640198862784234,1.8964034437964157,1
25,/content/Anomaly_Videos/Shooting/Shooting002_x264.mp4,144,0.2843608181027192,0.3470836033244612,0.08903454311382433,41.59889545107802,5
26,/content/Anomaly_Videos/Shooting/Shooting002_x264.mp4,174,0.5267570706087824,0.5909010520217923,-0.026916351922526418,65.55925976839143,6
27,/content/Anomaly_Videos/Shooting/Shooting002_x264.mp4,204,0.4198681539058159,0.4855479786589917,0.06130430627484308,272.5282966888125,7
28,/content/Anomaly_Videos/Shooting/Shooting002_x264.mp4,234,0.2656195336355268,0.29257339658595116,0.10346912740223747,-8.859397800885414,3
29,/content/Anomaly_Videos/Shooting/Shooting002_x264.mp4,294,0.33056271196731535,0.44796433745194547,-0.06958904469153672,99.58386709590803,6
30,/content/Anomaly_Videos/Shooting/Shooting002_x264.mp4,384,0.4824421346054686,0.5747489840481304,-0.03099936013687127,-51.32133074220103,4
31,/content/Anomaly_Videos/Shooting/Shooting002_x264.mp4,414,0.25178394314001207,0.35080998799499213,-0.40449643946444946,-23.12873299832355,4
32,/content/Anomaly_Videos/Shooting/Shooting002_x264.mp4,444,0.4760670191555023,0.7258435737031722,-0.3875538605241833,5.860452939424467,1
33,/content/Anomaly_Videos/Shooting/Shooting002_x264.mp4,474,0.2708207977788085,0.09588312613482715,-0.1304533357683343,-3.371743159516997,5
34,/content/Anomaly_Videos/Shooting/Shooting002_x264.mp4,594,0.40635154289039005,0.5500982779841871,0.00930060893376692,227.48065443219915,4
35,/content/Anomaly_Videos/Shooting/Shooting002_x264.mp4,624,0.8414259002937847,0.9906534771851248,-0.15777998332539053,-23.705780770955155,3
36,/content/Anomaly_Videos/Shooting/Shooting002_x264.mp4,654,0.9863308397841204,0.8547248893599878,-0.0266453028576439,-23.735354144724752,5
37,/content/Anomaly_Videos/Shooting/Shooting002_x264.mp4,684,1.5217923544660608,1.3183559311242607,-0.05034549509143342,-53.95559848696588,5
38,/content/Anomaly_Videos/Shooting/Shooting002_x264.mp4,714,0.6935571398351019,0.999771579148164,-0.07355751402730853,52.125896508952664,7
39,/content/Anomaly_Videos/Shooting/Shooting002_x264.mp4,744,0.14346103101717214,0.06605000249204035,0.0531138959207148,-2.493699358219651,1
40,/content/Anomaly_Videos/Shooting/Shooting002_x264.mp4,774,0.20096184597865716,0.25850700603816035,-3.075210774121485,-124.90000800067735,5
41,/content/Anomaly_Videos/Shooting/Shooting002_x264.mp4,804,0.20673637675557419,0.25210806617401893,-0.09031800876852521,-31.285015174365075,6
42,/content/Anomaly_Videos/Shooting/Shooting002_x264.mp4,834,0.4222199974279177,0.5634346279960639,-0.0406614248462318,-58.72292703026334,6
43,/content/Anomaly_Videos/Shooting/Shooting002_x264.mp4,864,0.4280565198285327,0.6241714400901337,0.06562704785971255,-95.4303543275335,2
44,/content/Anomaly_Videos/Shooting/Shooting002_x264.mp4,894,0.49810129709930295,0.731923101213756,-0.015426220210086944,-69.7405209367151,5
45,/content/Anomaly_Videos/Shooting/Shooting002_x264.mp4,924,1.9338517617282434,2.602477705089088,-0.027449914716694924,-195.4516302887477,6
46,/content/Anomaly_Videos/Shooting/Shooting002_x264.mp4,954,2.336519193323858,2.2317105695210526,-0.035309169621750076,-148.96908679214496,1
